0.00 20 1 20.54 26.35 23.81 0.73 NONE 0.00 1.64 
0.10 20 1 20.58 26.32 23.74 0.73 NONE 0.00 1.65 
0.20 21 1 20.59 26.32 23.76 0.74 NONE 0.00 1.66 
0.30 21 1 20.60 26.33 23.79 0.74 NONE 0.00 1.68 
0.40 22 1 20.59 26.41 23.82 0.74 NONE 0.00 1.69 
0.50 22 1 20.55 26.37 23.84 0.74 NONE 0.00 1.70 
0.60 24 1 20.51 26.41 23.86 0.74 NONE 0.00 1.71 
0.70 24 1 20.53 26.36 23.92 0.74 NONE 0.00 1.72 
0.80 25 1 20.53 26.39 23.88 0.75 NONE 0.00 1.74 
0.90 25 1 20.53 26.39 23.91 0.75 NONE 0.00 1.75 
1.00 26 1 20.54 26.36 23.94 0.75 NONE 0.00 1.76 
1.10 27 1 20.54 26.31 23.92 0.75 NONE 0.00 1.77 
1.20 27 1 20.54 26.26 23.95 0.75 NONE 0.00 1.78 
1.30 27 1 20.58 26.25 23.93 0.75 NONE 0.00 1.80 
1.40 27 1 20.53 26.25 23.92 0.76 NONE 0.00 1.81 
1.50 27 1 20.52 26.25 23.92 0.76 NONE 0.00 1.82 
1.60 27 1 20.50 26.20 23.98 0.76 NONE 0.00 1.83 
1.70 27 1 20.53 26.24 24.01 0.76 NONE 0.00 1.85 
1.80 27 1 20.57 26.21 23.98 0.76 NONE 0.00 1.86 
1.90 28 1 20.58 26.20 23.92 0.76 NONE 0.00 1.87 
2.00 28 1 20.59 26.21 23.95 0.77 NONE 0.00 1.89 
2.10 28 1 20.60 26.22 23.97 0.77 NONE 0.00 1.90 
2.20 28 1 20.63 26.24 24.00 0.77 NONE 0.00 1.91 
2.30 28 1 20.64 26.23 24.07 0.77 NONE 0.00 1.93 
2.40 29 1 20.58 26.23 24.03 0.77 NONE 0.00 1.94 
2.50 29 1 20.54 26.25 24.04 0.78 NONE 0.00 1.95 
2.60 30 1 20.57 26.25 24.06 0.78 NONE 0.00 1.97 
2.70 30 1 20.63 26.28 24.00 0.78 NONE 0.00 1.98 
2.80 30 1 20.65 26.26 23.99 0.78 NONE 0.00 1.99 
2.90 31 1 20.80 26.14 23.96 0.62 NONE 0.00 1.00 
3.00 31 1 20.89 26.08 23.94 0.62 NONE 0.00 1.01 
3.10 31 1 20.98 25.99 23.94 0.62 NONE 0.00 1.02 
3.20 31 1 21.03 25.94 23.94 0.63 NONE 0.00 1.02 
3.30 31 1 21.10 25.92 23.87 0.63 NONE 0.00 1.03 
3.40 31 1 21.12 25.95 23.87 0.63 NONE 0.00 1.04 
3.50 31 1 21.10 25.95 23.90 0.63 NONE 0.00 1.05 
3.60 31 1 21.12 25.93 23.91 0.63 NONE 0.00 1.05 
3.70 31 1 21.13 25.89 23.90 0.63 NONE 0.00 1.06 
3.80 32 1 21.11 25.85 23.86 0.63 NONE 0.00 1.07 
3.90 32 1 21.13 25.82 23.90 0.64 NONE 0.00 1.08 
4.00 32 1 21.12 25.81 23.96 0.64 NONE 0.00 1.08 
4.10 32 1 21.15 25.80 23.99 0.64 NONE 0.00 1.09 
4.20 32 1 21.15 25.79 24.00 0.64 NONE 0.00 1.10 
4.30 32 1 21.16 25.74 24.01 0.64 NONE 0.00 1.11 
4.40 32 1 21.19 25.74 24.01 0.64 NONE 0.00 1.11 
4.50 32 1 21.19 25.72 24.03 0.64 NONE 0.00 1.12 
4.60 33 1 21.19 25.72 24.04 0.65 NONE 0.00 1.13 
4.70 33 1 21.18 25.76 24.05 0.65 NONE 0.00 1.14 
4.80 34 1 21.19 25.75 24.07 0.65 NONE 0.00 1.14 
4.90 34 1 21.17 25.77 24.14 0.65 NONE 0.00 1.15 
5.00 36 1 21.17 25.78 24.16 0.65 NONE 0.00 1.16 
5.10 36 1 21.16 25.76 24.15 0.65 NONE 0.00 1.17 
5.20 36 1 21.16 25.73 24.12 0.65 NONE 0.00 1.18 
5.30 37 1 21.15 25.69 24.12 0.66 NONE 0.00 1.19 
5.40 38 1 21.16 25.65 24.11 0.66 NONE 0.00 1.19 
5.50 39 1 21.21 25.70 24.11 0.66 NONE 0.00 1.20 
5.60 39 1 21.20 25.71 24.12 0.66 NONE 0.00 1.21 
5.70 39 1 21.19 25.71 24.11 0.66 NONE 0.00 1.22 
5.80 39 1 21.25 25.69 24.08 0.66 NONE 0.00 1.23 
5.90 39 1 21.28 25.67 24.12 0.67 NONE 0.00 1.24 
6.00 39 1 21.23 25.71 24.11 0.67 NONE 0.00 1.24 
6.10 39 1 21.25 25.68 24.14 0.67 NONE 0.00 1.25 
6.20 39 1 21.28 25.71 24.11 0.67 NONE 0.00 1.26 
6.30 39 1 21.29 25.75 24.05 0.67 NONE 0.00 1.27 
6.40 39 1 21.28 25.77 24.03 0.67 NONE 0.00 1.28 
6.50 39 1 21.22 25.79 23.98 0.67 NONE 0.00 1.29 
6.60 39 1 21.23 25.76 23.93 0.68 NONE 0.00 1.30 
6.70 39 1 21.24 25.76 23.87 0.68 NONE 0.00 1.31 
6.80 39 1 21.25 25.76 23.90 0.68 NONE 0.00 1.31 
6.90 39 1 21.24 25.79 23.94 0.68 NONE 0.00 1.32 
7.00 39 1 21.25 25.81 23.92 0.68 NONE 0.00 1.33 
7.10 39 1 21.26 25.79 23.94 0.68 NONE 0.00 1.34 
7.20 39 1 21.29 25.77 23.97 0.69 NONE 0.00 1.35 
7.30 39 1 21.25 25.79 24.01 0.69 NONE 0.00 1.36 
7.40 39 1 21.22 25.78 24.04 0.69 NONE 0.00 1.37 
7.50 39 1 21.18 25.79 24.05 0.69 NONE 0.00 1.38 
7.60 39 1 21.17 25.79 24.13 0.69 NONE 0.00 1.39 
7.70 39 1 21.23 25.75 24.09 0.69 NONE 0.00 1.40 
7.80 40 1 21.24 25.72 24.14 0.70 NONE 0.00 1.41 
7.90 40 1 21.23 25.70 24.18 0.70 NONE 0.00 1.42 
8.00 40 1 21.28 25.74 24.17 0.70 NONE 0.00 1.43 
8.10 40 1 21.24 25.76 24.15 0.70 NONE 0.00 1.44 
8.20 40 1 21.28 25.76 24.17 0.70 NONE 0.00 1.45 
8.30 40 1 21.32 25.74 24.14 0.70 NONE 0.00 1.46 
8.40 40 1 21.30 25.74 24.14 0.71 NONE 0.00 1.47 
8.50 40 1 21.26 25.72 24.14 0.71 NONE 0.00 1.48 
8.60 40 1 21.23 25.70 24.19 0.71 NONE 0.00 1.49 
8.70 40 1 21.23 25.68 24.16 0.71 NONE 0.00 1.50 
8.80 40 1 21.26 25.68 24.10 0.71 NONE 0.00 1.51 
8.90 40 1 21.24 25.65 24.19 0.71 NONE 0.00 1.52 
9.00 40 1 21.25 25.62 24.20 0.72 NONE 0.00 1.53 
9.10 40 1 21.22 25.67 24.20 0.72 NONE 0.00 1.54 
9.20 40 1 21.16 25.69 24.16 0.72 NONE 0.00 1.55 
9.30 40 1 21.13 25.67 24.15 0.72 NONE 0.00 1.56 
9.40 40 1 21.14 25.64 24.15 0.72 NONE 0.00 1.57 
9.50 40 1 21.24 25.66 24.12 0.72 NONE 0.00 1.59 
9.60 40 1 21.25 25.67 24.14 0.73 NONE 0.00 1.60 
9.70 40 1 21.28 25.69 24.15 0.73 NONE 0.00 1.61 
9.80 40 1 21.30 25.72 24.10 0.73 NONE 0.00 1.62 
9.90 40 1 21.29 25.76 24.09 0.73 NONE 0.00 1.63 
10.00 40 1 21.31 25.72 24.07 0.73 NONE 0.00 1.64 
10.10 40 1 21.35 25.71 24.10 0.73 NONE 0.00 1.65 
10.20 42 1 21.36 25.68 24.14 0.74 NONE 0.00 1.66 
10.30 42 1 21.38 25.74 24.13 0.74 NONE 0.00 1.68 
10.40 44 1 21.41 25.77 24.13 0.74 NONE 0.00 1.69 
10.50 44 1 21.35 25.80 24.14 0.74 NONE 0.00 1.70 
10.60 48 1 21.33 25.83 24.10 0.74 NONE 0.00 1.71 
10.70 48 1 21.33 25.83 24.05 0.74 NONE 0.00 1.72 
10.80 50 1 21.31 25.84 24.05 0.75 NONE 0.00 1.74 
10.90 50 1 21.36 25.80 24.11 0.75 NONE 0.00 1.75 
11.00 52 1 21.40 25.78 24.10 0.75 NONE 0.00 1.76 
11.10 54 1 21.44 25.79 24.12 0.75 NONE 0.00 1.77 
11.20 54 1 21.43 25.81 24.12 0.75 NONE 0.00 1.78 
11.30 54 1 21.37 25.75 24.14 0.75 NONE 0.00 1.80 
11.40 54 1 21.33 25.71 24.14 0.76 NONE 0.00 1.81 
11.50 54 1 21.29 25.71 24.12 0.76 NONE 0.00 1.82 
11.60 54 1 21.28 25.72 24.10 0.76 NONE 0.00 1.83 
11.70 54 1 21.29 25.73 24.12 0.76 NONE 0.00 1.85 
11.80 54 1 21.32 25.69 24.14 0.76 NONE 0.00 1.86 
11.90 56 1 21.33 25.73 24.15 0.76 NONE 0.00 1.87 
12.00 56 1 21.35 25.76 24.12 0.77 NONE 0.00 1.89 
12.10 56 1 21.37 25.77 24.19 0.77 NONE 0.00 1.90 
12.20 56 1 21.35 25.74 24.23 0.77 NONE 0.00 1.91 
12.30 56 1 21.36 25.80 24.29 0.77 NONE 0.00 1.93 
12.40 58 1 21.35 25.77 24.31 0.77 NONE 0.00 1.94 
12.50 58 1 21.34 25.76 24.28 0.78 NONE 0.00 1.95 
12.60 60 1 21.39 25.67 24.26 0.78 NONE 0.00 1.97 
12.70 60 1 21.35 25.63 24.25 0.78 NONE 0.00 1.98 
12.80 60 1 21.36 25.62 24.28 0.78 NONE 0.00 1.99 
12.90 62 1 21.22 25.75 24.36 0.62 NONE 0.00 1.00 
13.00 62 1 21.14 25.81 24.37 0.62 NONE 0.00 1.01 
13.10 62 1 21.09 25.82 24.40 0.62 NONE 0.00 1.02 
13.20 62 1 21.16 25.81 24.42 0.63 NONE 0.00 1.02 
13.30 62 1 21.16 25.79 24.45 0.63 NONE 0.00 1.03 
13.40 62 1 21.19 25.79 24.48 0.63 NONE 0.00 1.04 
13.50 62 1 21.16 25.86 24.50 0.63 NONE 0.00 1.05 
13.60 62 1 21.08 25.86 24.51 0.63 NONE 0.00 1.05 
13.70 62 1 21.10 25.87 24.52 0.63 NONE 0.00 1.06 
13.80 64 1 21.09 25.84 24.50 0.63 NONE 0.00 1.07 
13.90 64 1 21.08 25.87 24.51 0.64 NONE 0.00 1.08 
14.00 64 1 21.13 25.91 24.52 0.64 NONE 0.00 1.08 
14.10 64 1 21.10 25.89 24.56 0.64 NONE 0.00 1.09 
14.20 64 1 21.10 25.85 24.54 0.64 NONE 0.00 1.10 
14.30 64 1 21.06 25.87 24.58 0.64 NONE 0.00 1.11 
14.40 64 1 21.09 25.92 24.60 0.64 NONE 0.00 1.11 
14.50 64 1 21.13 25.90 24.60 0.64 NONE 0.00 1.12 
14.60 66 1 21.16 25.89 24.65 0.65 NONE 0.00 1.13 
14.70 66 1 21.21 25.86 24.61 0.65 NONE 0.00 1.14 
14.80 68 1 21.22 25.84 24.62 0.65 NONE 0.00 1.14 
14.90 68 1 21.24 25.83 24.61 0.65 NONE 0.00 1.15 
15.00 72 1 21.24 25.82 24.59 0.65 NONE 0.00 1.16 
15.10 72 1 21.23 25.88 24.56 0.65 NONE 0.00 1.17 
15.20 72 1 21.23 25.94 24.61 0.65 NONE 0.00 1.18 
15.30 74 1 21.24 25.99 24.62 0.66 NONE 0.00 1.19 
15.40 76 1 21.25 26.03 24.64 0.66 NONE 0.00 1.19 
15.50 78 1 21.28 26.02 24.62 0.66 NONE 0.00 1.20 
15.60 78 1 21.27 25.98 24.59 0.66 NONE 0.00 1.21 
15.70 78 1 21.29 25.96 24.53 0.66 NONE 0.00 1.22 
15.80 78 1 21.28 25.92 24.56 0.66 NONE 0.00 1.23 
15.90 78 1 21.24 25.90 24.53 0.67 NONE 0.00 1.24 
16.00 78 1 21.23 25.85 24.53 0.67 NONE 0.00 1.24 
16.10 78 1 21.21 25.81 24.50 0.67 NONE 0.00 1.25 
16.20 78 1 21.22 25.80 24.46 0.67 NONE 0.00 1.26 
16.30 78 1 21.21 25.74 24.48 0.67 NONE 0.00 1.27 
16.40 78 1 21.22 25.74 24.56 0.67 NONE 0.00 1.28 
16.50 78 1 21.22 25.78 24.55 0.67 NONE 0.00 1.29 
16.60 78 1 21.17 25.78 24.53 0.68 NONE 0.00 1.30 
16.70 78 1 21.15 25.78 24.57 0.68 NONE 0.00 1.31 
16.80 78 1 21.17 25.80 24.56 0.68 NONE 0.00 1.31 
16.90 78 1 21.20 25.80 24.53 0.68 NONE 0.00 1.32 
17.00 78 1 21.15 25.83 24.58 0.68 NONE 0.00 1.33 
17.10 78 1 21.12 25.80 24.61 0.68 NONE 0.00 1.34 
17.20 78 1 21.13 25.81 24.64 0.69 NONE 0.00 1.35 
17.30 78 1 21.11 25.79 24.62 0.69 NONE 0.00 1.36 
17.40 78 1 21.14 25.80 24.67 0.69 NONE 0.00 1.37 
17.50 78 1 21.12 25.79 24.67 0.69 NONE 0.00 1.38 
17.60 78 1 21.17 25.79 24.69 0.69 NONE 0.00 1.39 
17.70 78 1 21.17 25.80 24.72 0.69 NONE 0.00 1.40 
17.80 80 1 21.13 25.83 24.72 0.70 NONE 0.00 1.41 
17.90 80 1 21.18 25.83 24.69 0.70 NONE 0.00 1.42 
18.00 80 1 21.18 25.82 24.67 0.70 NONE 0.00 1.43 
18.10 80 1 21.21 25.80 24.68 0.70 NONE 0.00 1.44 
18.20 80 1 21.23 25.81 24.68 0.70 NONE 0.00 1.45 
18.30 80 1 21.26 25.85 24.73 0.70 NONE 0.00 1.46 
18.40 80 1 21.29 25.86 24.72 0.71 NONE 0.00 1.47 
18.50 80 1 21.31 25.86 24.76 0.71 NONE 0.00 1.48 
18.60 80 1 21.32 25.82 24.77 0.71 NONE 0.00 1.49 
18.70 80 1 21.32 25.81 24.81 0.71 NONE 0.00 1.50 
18.80 80 1 21.31 25.85 24.82 0.71 NONE 0.00 1.51 
18.90 80 1 21.35 25.84 24.83 0.71 NONE 0.00 1.52 
19.00 80 1 21.39 25.82 24.84 0.72 NONE 0.00 1.53 
19.10 80 1 21.30 25.79 24.87 0.72 NONE 0.00 1.54 
19.20 80 1 21.30 25.78 24.90 0.72 NONE 0.00 1.55 
19.30 80 1 21.25 25.83 24.95 0.72 NONE 0.00 1.56 
19.40 80 1 21.24 25.87 24.90 0.72 NONE 0.00 1.57 
19.50 80 1 21.25 25.89 24.88 0.72 NONE 0.00 1.59 
19.60 80 1 21.29 25.83 24.81 0.73 NONE 0.00 1.60 
19.70 80 1 21.33 25.86 24.80 0.73 NONE 0.00 1.61 
19.80 80 1 21.33 25.88 24.82 0.73 NONE 0.00 1.62 
19.90 80 1 21.33 25.88 24.82 0.73 NONE 0.00 1.63 
20.00 80 1 21.37 25.93 24.80 0.73 NONE 0.00 1.64 
20.10 80 1 21.42 25.91 24.80 0.73 NONE 0.00 1.65 
20.20 84 1 21.44 25.92 24.84 0.74 NONE 0.00 1.66 
20.30 84 1 21.41 26.01 24.89 0.74 NONE 0.00 1.68 
20.40 88 1 21.37 26.00 24.90 0.74 NONE 0.00 1.69 
20.50 88 1 21.38 26.00 24.92 0.74 NONE 0.00 1.70 
20.60 96 1 21.39 26.01 24.94 0.74 NONE 0.00 1.71 
20.70 96 1 21.45 26.02 24.97 0.74 NONE 0.00 1.72 
20.80 100 1 21.47 25.99 24.94 0.75 NONE 0.00 1.74 
20.90 100 1 21.43 26.02 24.90 0.75 NONE 0.00 1.75 
21.00 104 1 21.42 26.00 24.86 0.75 NONE 0.00 1.76 
21.10 108 1 21.40 26.01 24.84 0.75 NONE 0.00 1.77 
21.20 108 1 21.42 26.04 24.81 0.75 NONE 0.00 1.78 
21.30 108 1 21.43 26.07 24.83 0.75 NONE 0.00 1.80 
21.40 108 1 21.39 26.03 24.79 0.76 NONE 0.00 1.81 
21.50 108 1 21.37 26.01 24.81 0.76 NONE 0.00 1.82 
21.60 108 1 21.34 26.01 24.88 0.76 NONE 0.00 1.83 
21.70 108 1 21.33 26.00 24.88 0.76 NONE 0.00 1.85 
21.80 108 1 21.31 26.00 24.88 0.76 NONE 0.00 1.86 
21.90 112 1 21.32 25.99 24.90 0.76 NONE 0.00 1.87 
22.00 112 1 21.36 26.05 24.86 0.77 NONE 0.00 1.89 
22.10 112 1 21.37 26.06 24.90 0.77 NONE 0.00 1.90 
22.20 112 1 21.32 25.99 24.89 0.77 NONE 0.00 1.91 
22.30 112 1 21.34 25.97 24.86 0.77 NONE 0.00 1.93 
22.40 116 1 21.31 25.96 24.90 0.77 NONE 0.00 1.94 
22.50 116 1 21.30 25.98 24.92 0.78 NONE 0.00 1.95 
22.60 120 1 21.34 25.99 24.87 0.78 NONE 0.00 1.97 
22.70 120 1 21.35 25.99 24.88 0.78 NONE 0.00 1.98 
22.80 120 1 21.35 25.94 24.93 0.78 NONE 0.00 1.99 
22.90 124 1 21.41 25.83 24.85 0.62 NONE 0.00 1.00 
23.00 124 1 21.49 25.77 24.78 0.62 NONE 0.00 1.01 
23.10 124 1 21.47 25.78 24.80 0.62 NONE 0.00 1.02 
23.20 124 1 21.47 25.79 24.81 0.63 NONE 0.00 1.02 
23.30 124 1 21.45 25.86 24.84 0.63 NONE 0.00 1.03 
23.40 124 1 21.47 25.93 24.78 0.63 NONE 0.00 1.04 
23.50 124 1 21.51 25.95 24.72 0.63 NONE 0.00 1.05 
23.60 124 1 21.48 25.95 24.71 0.63 NONE 0.00 1.05 
23.70 124 1 21.55 25.96 24.66 0.63 NONE 0.00 1.06 
23.80 128 1 21.57 25.98 24.64 0.63 NONE 0.00 1.07 
23.90 128 1 21.53 26.03 24.68 0.64 NONE 0.00 1.08 
24.00 128 1 21.50 26.07 24.63 0.64 NONE 0.00 1.08 
24.10 128 1 21.48 26.11 24.61 0.64 NONE 0.00 1.09 
24.20 128 1 21.45 26.13 24.60 0.64 NONE 0.00 1.10 
24.30 128 1 21.41 26.18 24.60 0.64 NONE 0.00 1.11 
24.40 128 1 21.46 26.20 24.63 0.64 NONE 0.00 1.11 
24.50 128 1 21.45 26.21 24.66 0.64 NONE 0.00 1.12 
24.60 132 1 21.43 26.22 24.63 0.65 NONE 0.00 1.13 
24.70 132 1 21.39 26.19 24.67 0.65 NONE 0.00 1.14 
24.80 136 1 21.43 26.25 24.66 0.65 NONE 0.00 1.14 
24.90 136 1 21.44 26.25 24.64 0.65 NONE 0.00 1.15 
25.00 144 1 21.46 26.25 24.61 0.65 NONE 0.00 1.16 
25.10 144 1 21.43 26.27 24.60 0.65 NONE 0.00 1.17 
25.20 144 1 21.40 26.30 24.64 0.65 NONE 0.00 1.18 
25.30 148 1 21.40 26.36 24.64 0.66 NONE 0.00 1.19 
25.40 152 1 21.41 26.41 24.61 0.66 NONE 0.00 1.19 
25.50 156 1 21.40 26.40 24.62 0.66 NONE 0.00 1.20 
25.60 156 1 21.43 26.41 24.61 0.66 NONE 0.00 1.21 
25.70 156 1 21.45 26.42 24.59 0.66 NONE 0.00 1.22 
25.80 156 1 21.45 26.45 24.57 0.66 NONE 0.00 1.23 
25.90 156 1 21.43 26.46 24.55 0.67 NONE 0.00 1.24 
26.00 156 1 21.39 26.39 24.54 0.67 NONE 0.00 1.24 
26.10 156 1 21.41 26.37 24.52 0.67 NONE 0.00 1.25 
26.20 156 1 21.40 26.40 24.52 0.67 NONE 0.00 1.26 
26.30 156 1 21.45 26.41 24.55 0.67 NONE 0.00 1.27 
26.40 156 1 21.45 26.46 24.58 0.67 NONE 0.00 1.28 
26.50 156 1 21.42 26.50 24.62 0.67 NONE 0.00 1.29 
26.60 156 1 21.45 26.48 24.61 0.68 NONE 0.00 1.30 
26.70 156 1 21.53 26.49 24.67 0.68 NONE 0.00 1.31 
26.80 156 1 21.50 26.41 24.63 0.68 NONE 0.00 1.31 
26.90 156 1 21.53 26.34 24.61 0.68 NONE 0.00 1.32 
27.00 156 1 21.54 26.40 24.62 0.68 NONE 0.00 1.33 
27.10 156 1 21.60 26.43 24.65 0.68 NONE 0.00 1.34 
27.20 156 1 21.66 26.40 24.73 0.69 NONE 0.00 1.35 
27.30 156 1 21.71 26.39 24.74 0.69 NONE 0.00 1.36 
27.40 156 1 21.65 26.43 24.76 0.69 NONE 0.00 1.37 
27.50 156 1 21.63 26.38 24.75 0.69 NONE 0.00 1.38 
27.60 156 1 21.67 26.35 24.70 0.69 NONE 0.00 1.39 
27.70 156 1 21.71 26.36 24.69 0.69 NONE 0.00 1.40 
27.80 160 1 21.66 26.41 24.70 0.70 NONE 0.00 1.41 
27.90 160 1 21.65 26.39 24.71 0.70 NONE 0.00 1.42 
28.00 160 1 21.66 26.37 24.69 0.70 NONE 0.00 1.43 
28.10 160 1 21.64 26.39 24.63 0.70 NONE 0.00 1.44 
28.20 160 1 21.58 26.41 24.62 0.70 NONE 0.00 1.45 
28.30 160 1 21.59 26.44 24.54 0.70 NONE 0.00 1.46 
28.40 160 1 21.57 26.37 24.54 0.71 NONE 0.00 1.47 
28.50 160 1 21.56 26.43 24.51 0.71 NONE 0.00 1.48 
28.60 160 1 21.56 26.38 24.49 0.71 NONE 0.00 1.49 
28.70 160 1 21.55 26.40 24.52 0.71 NONE 0.00 1.50 
28.80 160 1 21.51 26.39 24.52 0.71 NONE 0.00 1.51 
28.90 160 1 21.54 26.38 24.61 0.71 NONE 0.00 1.52 
29.00 160 1 21.52 26.40 24.60 0.72 NONE 0.00 1.53 
29.10 160 1 21.53 26.42 24.58 0.72 NONE 0.00 1.54 
29.20 160 1 21.46 26.43 24.63 0.72 NONE 0.00 1.55 
29.30 160 1 21.49 26.41 24.60 0.72 NONE 0.00 1.56 
29.40 160 1 21.47 26.42 24.61 0.72 NONE 0.00 1.57 
29.50 160 1 21.48 26.39 24.59 0.72 NONE 0.00 1.59 
29.60 160 1 21.45 26.39 24.61 0.73 NONE 0.00 1.60 
29.70 160 1 21.43 26.40 24.61 0.73 NONE 0.00 1.61 
29.80 160 1 21.43 26.40 24.59 0.73 NONE 0.00 1.62 
29.90 160 1 21.41 26.36 24.66 0.73 NONE 0.00 1.63 
30.00 160 1 21.38 26.35 24.67 0.73 NONE 0.00 1.64 
30.10 160 1 21.41 26.35 24.67 0.73 NONE 0.00 1.65 
30.20 168 1 21.36 26.35 24.64 0.74 NONE 0.00 1.66 
30.30 168 1 21.37 26.38 24.68 0.74 NONE 0.00 1.68 
30.40 176 1 21.39 26.41 24.70 0.74 NONE 0.00 1.69 
30.50 176 1 21.31 26.50 24.69 0.74 NONE 0.00 1.70 
30.60 192 1 21.31 26.53 24.68 0.74 NONE 0.00 1.71 
30.70 192 1 21.34 26.53 24.64 0.74 NONE 0.00 1.72 
30.80 200 1 21.37 26.51 24.69 0.75 NONE 0.00 1.74 
30.90 200 1 21.37 26.47 24.71 0.75 NONE 0.00 1.75 
31.00 208 1 21.39 26.45 24.76 0.75 NONE 0.00 1.76 
31.10 216 1 21.39 26.41 24.74 0.75 NONE 0.00 1.77 
31.20 216 1 21.37 26.42 24.75 0.75 NONE 0.00 1.78 
31.30 216 1 21.37 26.42 24.76 0.75 NONE 0.00 1.80 
31.40 216 1 21.33 26.42 24.77 0.76 NONE 0.00 1.81 
31.50 216 1 21.34 26.41 24.77 0.76 NONE 0.00 1.82 
31.60 216 1 21.35 26.41 24.70 0.76 NONE 0.00 1.83 
31.70 216 1 21.36 26.48 24.66 0.76 NONE 0.00 1.85 
31.80 216 1 21.37 26.47 24.63 0.76 NONE 0.00 1.86 
31.90 224 1 21.33 26.47 24.61 0.76 NONE 0.00 1.87 
32.00 224 1 21.33 26.45 24.61 0.77 NONE 0.00 1.89 
32.10 224 1 21.33 26.48 24.65 0.77 NONE 0.00 1.90 
32.20 224 1 21.30 26.46 24.66 0.77 NONE 0.00 1.91 
32.30 224 1 21.35 26.42 24.69 0.77 NONE 0.00 1.93 
32.40 232 1 21.36 26.40 24.71 0.77 NONE 0.00 1.94 
32.50 232 1 21.37 26.42 24.73 0.78 NONE 0.00 1.95 
32.60 240 1 21.36 26.41 24.75 0.78 NONE 0.00 1.97 
32.70 240 1 21.36 26.43 24.68 0.78 NONE 0.00 1.98 
32.80 240 1 21.39 26.41 24.64 0.78 NONE 0.00 1.99 
32.90 248 1 21.34 26.29 24.52 0.62 NONE 0.00 1.00 
33.00 248 1 21.32 26.26 24.44 0.62 NONE 0.00 1.01 
33.10 248 1 21.29 26.18 24.38 0.62 NONE 0.00 1.02 
33.20 248 1 21.31 26.15 24.36 0.63 NONE 0.00 1.02 
33.30 248 1 21.29 26.07 24.32 0.63 NONE 0.00 1.03 
33.40 248 1 21.32 26.01 24.30 0.63 NONE 0.00 1.04 
33.50 248 1 21.26 26.05 24.30 0.63 NONE 0.00 1.05 
33.60 248 1 21.26 26.04 24.24 0.63 NONE 0.00 1.05 
33.70 248 1 21.28 26.04 24.24 0.63 NONE 0.00 1.06 
33.80 256 1 21.26 26.09 24.19 0.63 NONE 0.00 1.07 
33.90 256 1 21.24 26.07 24.12 0.64 NONE 0.00 1.08 
34.00 256 1 21.23 26.10 24.10 0.64 NONE 0.00 1.08 
34.10 256 1 21.24 26.12 24.02 0.64 NONE 0.00 1.09 
34.20 256 1 21.26 26.10 24.07 0.64 NONE 0.00 1.10 
34.30 256 1 21.29 26.11 24.08 0.64 NONE 0.00 1.11 
34.40 256 1 21.34 26.14 24.04 0.64 NONE 0.00 1.11 
34.50 256 1 21.31 26.10 24.07 0.64 NONE 0.00 1.12 
34.60 264 1 21.31 26.09 24.07 0.65 NONE 0.00 1.13 
34.70 264 1 21.30 26.09 24.05 0.65 NONE 0.00 1.14 
34.80 272 1 21.31 26.11 24.09 0.65 NONE 0.00 1.14 
34.90 272 1 21.28 26.09 24.10 0.65 NONE 0.00 1.15 
35.00 288 1 21.34 26.13 24.12 0.65 NONE 0.00 1.16 
35.10 288 1 21.37 26.14 24.09 0.65 NONE 0.00 1.17 
35.20 288 1 21.37 26.17 24.12 0.65 NONE 0.00 1.18 
35.30 296 1 21.45 26.16 24.13 0.66 NONE 0.00 1.19 
35.40 304 1 21.45 26.19 24.16 0.66 NONE 0.00 1.19 
35.50 312 1 21.44 26.19 24.18 0.66 NONE 0.00 1.20 
35.60 312 1 21.45 26.19 24.17 0.66 NONE 0.00 1.21 
35.70 312 1 21.47 26.18 24.12 0.66 NONE 0.00 1.22 
35.80 312 1 21.48 26.14 24.07 0.66 NONE 0.00 1.23 
35.90 312 1 21.49 26.13 24.04 0.67 NONE 0.00 1.24 
36.00 312 1 21.51 26.15 24.05 0.67 NONE 0.00 1.24 
36.10 312 1 21.50 26.15 24.03 0.67 NONE 0.00 1.25 
36.20 312 1 21.43 26.16 24.03 0.67 NONE 0.00 1.26 
36.30 312 1 21.41 26.11 24.01 0.67 NONE 0.00 1.27 
36.40 312 1 21.45 26.08 24.00 0.67 NONE 0.00 1.28 
36.50 312 1 21.47 26.06 24.04 0.67 NONE 0.00 1.29 
36.60 312 1 21.42 26.03 24.02 0.68 NONE 0.00 1.30 
36.70 312 1 21.47 26.05 24.00 0.68 NONE 0.00 1.31 
36.80 312 1 21.47 26.07 24.00 0.68 NONE 0.00 1.31 
36.90 312 1 21.46 26.10 23.99 0.68 NONE 0.00 1.32 
37.00 312 1 21.47 26.10 23.99 0.68 NONE 0.00 1.33 
37.10 312 1 21.52 26.07 23.98 0.68 NONE 0.00 1.34 
37.20 312 1 21.50 26.12 23.99 0.69 NONE 0.00 1.35 
37.30 312 1 21.51 26.14 23.98 0.69 NONE 0.00 1.36 
37.40 312 1 21.50 26.14 23.95 0.69 NONE 0.00 1.37 
37.50 312 1 21.48 26.21 23.95 0.69 NONE 0.00 1.38 
37.60 312 1 21.42 26.24 23.97 0.69 NONE 0.00 1.39 
37.70 312 1 21.42 26.31 23.95 0.69 NONE 0.00 1.40 
37.80 320 1 21.40 26.29 23.99 0.70 NONE 0.00 1.41 
37.90 320 1 21.46 26.31 24.05 0.70 NONE 0.00 1.42 
38.00 320 1 21.45 26.26 24.01 0.70 NONE 0.00 1.43 
38.10 320 1 21.39 26.21 24.05 0.70 NONE 0.00 1.44 
38.20 320 1 21.39 26.17 24.07 0.70 NONE 0.00 1.45 
38.30 320 1 21.41 26.17 24.05 0.70 NONE 0.00 1.46 
38.40 320 1 21.47 26.18 24.06 0.71 NONE 0.00 1.47 
38.50 320 1 21.47 26.15 24.02 0.71 NONE 0.00 1.48 
38.60 320 1 21.47 26.15 24.03 0.71 NONE 0.00 1.49 
38.70 320 1 21.50 26.14 23.98 0.71 NONE 0.00 1.50 
38.80 320 1 21.47 26.15 24.02 0.71 NONE 0.00 1.51 
38.90 320 1 21.51 26.14 23.96 0.71 NONE 0.00 1.52 
39.00 320 1 21.53 26.16 23.96 0.72 NONE 0.00 1.53 
39.10 320 1 21.50 26.15 23.96 0.72 NONE 0.00 1.54 
39.20 320 1 21.49 26.16 23.93 0.72 NONE 0.00 1.55 
39.30 320 1 21.48 26.17 23.99 0.72 NONE 0.00 1.56 
39.40 320 1 21.54 26.14 23.98 0.72 NONE 0.00 1.57 
39.50 320 1 21.53 26.09 24.03 0.72 NONE 0.00 1.59 
39.60 320 1 21.54 26.05 24.06 0.73 NONE 0.00 1.60 
39.70 320 1 21.53 25.99 24.03 0.73 NONE 0.00 1.61 
39.80 320 1 21.49 26.00 24.04 0.73 NONE 0.00 1.62 
39.90 320 1 21.51 25.97 24.06 0.73 NONE 0.00 1.63 
40.00 320 1 21.46 25.94 24.08 0.73 NONE 0.00 1.64 
40.10 320 1 21.50 25.98 24.05 0.73 NONE 0.00 1.65 
40.20 336 1 21.51 25.96 24.03 0.74 NONE 0.00 1.66 
40.30 336 1 21.53 26.00 24.06 0.74 NONE 0.00 1.68 
40.40 352 1 21.49 25.96 24.06 0.74 NONE 0.00 1.69 
40.50 352 1 21.46 25.97 24.08 0.74 NONE 0.00 1.70 
40.60 384 1 21.45 25.96 24.04 0.74 NONE 0.00 1.71 
40.70 384 1 21.46 25.97 24.02 0.74 NONE 0.00 1.72 
40.80 400 1 21.44 25.95 24.00 0.75 NONE 0.00 1.74 
40.90 400 1 21.45 25.90 24.05 0.75 NONE 0.00 1.75 
41.00 416 1 21.51 25.92 24.04 0.75 NONE 0.00 1.76 
41.10 432 1 21.50 25.86 24.05 0.75 NONE 0.00 1.77 
41.20 432 1 21.51 25.83 24.02 0.75 NONE 0.00 1.78 
41.30 432 1 21.55 25.87 24.03 0.75 NONE 0.00 1.80 
41.40 432 1 21.56 25.88 24.07 0.76 NONE 0.00 1.81 
41.50 432 1 21.59 25.88 24.09 0.76 NONE 0.00 1.82 
41.60 432 1 21.62 25.87 24.04 0.76 NONE 0.00 1.83 
41.70 432 1 21.63 25.85 24.06 0.76 NONE 0.00 1.85 
41.80 432 1 21.64 25.82 24.04 0.76 NONE 0.00 1.86 
41.90 448 1 21.62 25.85 24.05 0.76 NONE 0.00 1.87 
42.00 448 1 21.60 25.87 24.05 0.77 NONE 0.00 1.89 
42.10 448 1 21.56 25.86 23.99 0.77 NONE 0.00 1.90 
42.20 448 1 21.56 25.87 24.00 0.77 NONE 0.00 1.91 
42.30 448 1 21.55 25.90 23.95 0.77 NONE 0.00 1.93 
42.40 464 1 21.53 25.90 23.94 0.77 NONE 0.00 1.94 
42.50 464 1 21.49 25.88 24.00 0.78 NONE 0.00 1.95 
42.60 480 1 21.54 25.88 24.02 0.78 NONE 0.00 1.97 
42.70 480 1 21.60 25.88 24.00 0.78 NONE 0.00 1.98 
42.80 480 1 21.58 25.86 23.94 0.78 NONE 0.00 1.99 
42.90 496 1 21.47 25.90 23.93 0.62 NONE 0.00 1.00 
43.00 496 1 21.41 25.90 23.91 0.62 NONE 0.00 1.01 
43.10 496 1 21.43 25.90 23.94 0.62 NONE 0.00 1.02 
43.20 496 1 21.39 25.87 23.93 0.63 NONE 0.00 1.02 
43.30 496 1 21.32 25.84 23.96 0.63 NONE 0.00 1.03 
43.40 496 1 21.36 25.85 23.93 0.63 NONE 0.00 1.04 
43.50 496 1 21.34 25.86 24.01 0.63 NONE 0.00 1.05 
43.60 496 1 21.33 25.84 24.04 0.63 NONE 0.00 1.05 
43.70 496 1 21.28 25.88 24.03 0.63 NONE 0.00 1.06 
43.80 512 1 21.27 25.94 24.02 0.63 NONE 0.00 1.07 
43.90 512 1 21.23 25.85 24.05 0.64 NONE 0.00 1.08 
44.00 512 1 21.20 25.87 24.05 0.64 NONE 0.00 1.08 
44.10 512 1 21.20 25.89 24.01 0.64 NONE 0.00 1.09 
44.20 512 1 21.20 25.89 24.03 0.64 NONE 0.00 1.10 
44.30 512 1 21.15 25.90 24.01 0.64 NONE 0.00 1.11 
44.40 512 1 21.18 25.90 23.98 0.64 NONE 0.00 1.11 
44.50 512 1 21.19 25.94 23.90 0.64 NONE 0.00 1.12 
44.60 528 1 21.13 25.99 23.91 0.65 NONE 0.00 1.13 
44.70 528 1 21.13 25.98 23.93 0.65 NONE 0.00 1.14 
44.80 544 1 21.11 26.01 23.93 0.65 NONE 0.00 1.14 
44.90 544 1 21.11 26.01 23.97 0.65 NONE 0.00 1.15 
45.00 576 1 21.11 25.98 23.92 0.65 NONE 0.00 1.16 
45.10 576 1 21.12 25.98 23.91 0.65 NONE 0.00 1.17 
45.20 576 1 21.07 25.97 23.91 0.65 NONE 0.00 1.18 
45.30 592 1 21.09 25.95 23.91 0.66 NONE 0.00 1.19 
45.40 608 1 21.06 25.89 23.93 0.66 NONE 0.00 1.19 
45.50 624 1 21.08 25.86 23.91 0.66 NONE 0.00 1.20 
45.60 624 1 21.01 25.88 23.97 0.66 NONE 0.00 1.21 
45.70 624 1 21.01 25.88 23.95 0.66 NONE 0.00 1.22 
45.80 624 1 21.05 25.90 23.98 0.66 NONE 0.00 1.23 
45.90 624 1 21.01 25.92 23.97 0.67 NONE 0.00 1.24 
46.00 624 1 21.03 25.90 23.92 0.67 NONE 0.00 1.24 
46.10 624 1 21.05 25.89 23.89 0.67 NONE 0.00 1.25 
46.20 624 1 21.03 25.86 23.88 0.67 NONE 0.00 1.26 
46.30 624 1 21.00 25.86 23.89 0.67 NONE 0.00 1.27 
46.40 624 1 20.94 25.88 23.91 0.67 NONE 0.00 1.28 
46.50 624 1 20.96 25.83 23.92 0.67 NONE 0.00 1.29 
46.60 624 1 20.96 25.78 23.92 0.68 NONE 0.00 1.30 
46.70 624 1 20.98 25.75 23.94 0.68 NONE 0.00 1.31 
46.80 624 1 20.98 25.80 23.93 0.68 NONE 0.00 1.31 
46.90 624 1 20.99 25.79 23.96 0.68 NONE 0.00 1.32 
47.00 624 1 21.00 25.77 24.01 0.68 NONE 0.00 1.33 
47.10 624 1 21.01 25.83 24.00 0.68 NONE 0.00 1.34 
47.20 624 1 20.98 25.83 24.02 0.69 NONE 0.00 1.35 
47.30 624 1 20.99 25.90 24.01 0.69 NONE 0.00 1.36 
47.40 624 1 21.02 25.85 23.98 0.69 NONE 0.00 1.37 
47.50 624 1 21.06 25.82 23.94 0.69 NONE 0.00 1.38 
47.60 624 1 21.02 25.86 23.98 0.69 NONE 0.00 1.39 
47.70 624 1 21.07 25.85 23.93 0.69 NONE 0.00 1.40 
47.80 640 1 21.09 25.84 23.97 0.70 NONE 0.00 1.41 
47.90 640 1 21.06 25.85 23.99 0.70 NONE 0.00 1.42 
48.00 640 1 21.05 25.86 23.96 0.70 NONE 0.00 1.43 
48.10 640 1 21.07 25.85 23.93 0.70 NONE 0.00 1.44 
48.20 640 1 21.07 25.85 23.94 0.70 NONE 0.00 1.45 
48.30 640 1 21.09 25.83 23.95 0.70 NONE 0.00 1.46 
48.40 640 1 21.10 25.79 23.99 0.71 NONE 0.00 1.47 
48.50 640 1 21.10 25.77 23.92 0.71 NONE 0.00 1.48 
48.60 640 1 21.05 25.71 23.96 0.71 NONE 0.00 1.49 
48.70 640 1 21.07 25.74 23.92 0.71 NONE 0.00 1.50 
48.80 640 1 21.02 25.77 23.90 0.71 NONE 0.00 1.51 
48.90 640 1 21.02 25.77 23.98 0.71 NONE 0.00 1.52 
49.00 640 1 21.03 25.79 24.00 0.72 NONE 0.00 1.53 
49.10 640 1 21.05 25.78 23.99 0.72 NONE 0.00 1.54 
49.20 640 1 21.06 25.81 23.98 0.72 NONE 0.00 1.55 
49.30 640 1 21.00 25.82 23.93 0.72 NONE 0.00 1.56 
49.40 640 1 21.01 25.78 23.90 0.72 NONE 0.00 1.57 
49.50 640 1 21.00 25.79 23.91 0.72 NONE 0.00 1.59 
49.60 640 1 21.02 25.77 23.92 0.73 NONE 0.00 1.60 
49.70 640 1 21.03 25.74 23.93 0.73 NONE 0.00 1.61 
49.80 640 1 21.05 25.69 23.95 0.73 NONE 0.00 1.62 
49.90 640 1 21.08 25.67 24.01 0.73 NONE 0.00 1.63 
50.00 640 1 21.11 25.71 24.03 0.73 NONE 0.00 1.64 
50.10 640 1 21.11 25.73 23.99 0.73 NONE 0.00 1.65 
50.20 672 1 21.11 25.71 24.00 0.74 NONE 0.00 1.66 
50.30 672 1 21.15 25.71 24.04 0.74 NONE 0.00 1.68 
50.40 704 1 21.18 25.69 24.06 0.74 NONE 0.00 1.69 
50.50 704 1 21.19 25.76 24.03 0.74 NONE 0.00 1.70 
50.60 768 1 21.23 25.85 24.03 0.74 NONE 0.00 1.71 
50.70 768 1 21.25 25.84 24.05 0.74 NONE 0.00 1.72 
50.80 800 1 21.23 25.88 24.01 0.75 NONE 0.00 1.74 
50.90 800 1 21.22 25.93 23.96 0.75 NONE 0.00 1.75 
51.00 832 1 21.20 25.91 23.97 0.75 NONE 0.00 1.76 
51.10 864 1 21.15 25.94 23.92 0.75 NONE 0.00 1.77 
51.20 864 1 21.09 25.97 23.93 0.75 NONE 0.00 1.78 
51.30 864 1 21.10 25.93 23.91 0.75 NONE 0.00 1.80 
51.40 864 1 21.05 25.89 23.88 0.76 NONE 0.00 1.81 
51.50 864 1 21.10 25.89 23.92 0.76 NONE 0.00 1.82 
51.60 864 1 21.06 25.91 23.94 0.76 NONE 0.00 1.83 
51.70 864 1 21.05 25.94 23.92 0.76 NONE 0.00 1.85 
51.80 864 1 21.06 25.92 23.94 0.76 NONE 0.00 1.86 
51.90 896 1 21.10 25.94 23.91 0.76 NONE 0.00 1.87 
52.00 896 1 21.08 25.90 23.88 0.77 NONE 0.00 1.89 
52.10 896 1 21.10 25.87 23.91 0.77 NONE 0.00 1.90 
52.20 896 1 21.13 25.85 23.93 0.77 NONE 0.00 1.91 
52.30 896 1 21.15 25.84 23.92 0.77 NONE 0.00 1.93 
52.40 928 1 21.13 25.84 23.95 0.77 NONE 0.00 1.94 
52.50 928 1 21.09 25.79 23.93 0.78 NONE 0.00 1.95 
52.60 960 1 21.14 25.81 23.98 0.78 NONE 0.00 1.97 
52.70 960 1 21.14 25.81 24.00 0.78 NONE 0.00 1.98 
52.80 960 1 21.14 25.79 24.00 0.78 NONE 0.00 1.99 
52.90 992 1 21.08 25.68 23.98 0.62 NONE 0.00 1.00 
53.00 992 1 21.09 25.65 23.95 0.62 NONE 0.00 1.01 
53.10 992 1 21.01 25.62 23.93 0.62 NONE 0.00 1.02 
53.20 992 1 21.02 25.62 23.94 0.63 NONE 0.00 1.02 
53.30 992 1 20.99 25.61 23.95 0.63 NONE 0.00 1.03 
53.40 992 1 20.96 25.58 23.97 0.63 NONE 0.00 1.04 
53.50 992 1 20.94 25.56 23.94 0.63 NONE 0.00 1.05 
53.60 992 1 20.94 25.57 23.92 0.63 NONE 0.00 1.05 
53.70 992 1 20.92 25.56 23.90 0.63 NONE 0.00 1.06 
53.80 1024 1 20.94 25.57 23.89 0.63 NONE 0.00 1.07 
53.90 1024 1 20.90 25.59 23.84 0.64 NONE 0.00 1.08 
54.00 1024 1 20.86 25.59 23.76 0.64 NONE 0.00 1.08 
54.10 1024 1 20.85 25.60 23.75 0.64 NONE 0.00 1.09 
54.20 1024 1 20.85 25.65 23.72 0.64 NONE 0.00 1.10 
54.30 1024 1 20.87 25.62 23.76 0.64 NONE 0.00 1.11 
54.40 1024 1 20.85 25.61 23.79 0.64 NONE 0.00 1.11 
54.50 1024 1 20.88 25.65 23.74 0.64 NONE 0.00 1.12 
54.60 1056 1 20.87 25.66 23.77 0.65 NONE 0.00 1.13 
54.70 1056 1 20.84 25.69 23.79 0.65 NONE 0.00 1.14 
54.80 1088 1 20.83 25.71 23.76 0.65 NONE 0.00 1.14 
54.90 1088 1 20.87 25.69 23.71 0.65 NONE 0.00 1.15 
55.00 1152 1 20.84 25.62 23.67 0.65 NONE 0.00 1.16 
55.10 1152 1 20.84 25.64 23.64 0.65 NONE 0.00 1.17 
55.20 1152 1 20.89 25.62 23.69 0.65 NONE 0.00 1.18 
55.30 1184 1 20.83 25.69 23.72 0.66 NONE 0.00 1.19 
55.40 1216 1 20.87 25.70 23.67 0.66 NONE 0.00 1.19 
55.50 1248 1 20.86 25.74 23.70 0.66 NONE 0.00 1.20 
55.60 1248 1 20.86 25.73 23.73 0.66 NONE 0.00 1.21 
55.70 1248 1 20.81 25.77 23.71 0.66 NONE 0.00 1.22 
55.80 1248 1 20.80 25.74 23.66 0.66 NONE 0.00 1.23 
55.90 1248 1 20.85 25.70 23.67 0.67 NONE 0.00 1.24 
56.00 1248 1 20.86 25.67 23.65 0.67 NONE 0.00 1.24 
56.10 1248 1 20.88 25.71 23.65 0.67 NONE 0.00 1.25 
56.20 1248 1 20.89 25.71 23.63 0.67 NONE 0.00 1.26 
56.30 1248 1 20.87 25.70 23.62 0.67 NONE 0.00 1.27 
56.40 1248 1 20.88 25.74 23.59 0.67 NONE 0.00 1.28 
56.50 1248 1 20.88 25.75 23.60 0.67 NONE 0.00 1.29 
56.60 1248 1 20.87 25.73 23.63 0.68 NONE 0.00 1.30 
56.70 1248 1 20.86 25.69 23.63 0.68 NONE 0.00 1.31 
56.80 1248 1 20.85 25.72 23.59 0.68 NONE 0.00 1.31 
56.90 1248 1 20.85 25.69 23.58 0.68 NONE 0.00 1.32 
57.00 1248 1 20.84 25.73 23.58 0.68 NONE 0.00 1.33 
57.10 1248 1 20.85 25.76 23.53 0.68 NONE 0.00 1.34 
57.20 1248 1 20.85 25.73 23.53 0.69 NONE 0.00 1.35 
57.30 1248 1 20.86 25.72 23.52 0.69 NONE 0.00 1.36 
57.40 1248 1 20.89 25.75 23.48 0.69 NONE 0.00 1.37 
57.50 1248 1 20.87 25.77 23.52 0.69 NONE 0.00 1.38 
57.60 1248 1 20.86 25.74 23.50 0.69 NONE 0.00 1.39 
57.70 1248 1 20.82 25.79 23.52 0.69 NONE 0.00 1.40 
57.80 1280 1 20.83 25.79 23.52 0.70 NONE 0.00 1.41 
57.90 1280 1 20.79 25.76 23.45 0.70 NONE 0.00 1.42 
58.00 1280 1 20.78 25.76 23.49 0.70 NONE 0.00 1.43 
58.10 1280 1 20.82 25.73 23.41 0.70 NONE 0.00 1.44 
58.20 1280 1 20.79 25.66 23.40 0.70 NONE 0.00 1.45 
58.30 1280 1 20.79 25.69 23.43 0.70 NONE 0.00 1.46 
58.40 1280 1 20.78 25.73 23.42 0.71 NONE 0.00 1.47 
58.50 1280 1 20.75 25.68 23.41 0.71 NONE 0.00 1.48 
58.60 1280 1 20.77 25.66 23.46 0.71 NONE 0.00 1.49 
58.70 1280 1 20.82 25.71 23.49 0.71 NONE 0.00 1.50 
58.80 1280 1 20.82 25.71 23.49 0.71 NONE 0.00 1.51 
58.90 1280 1 20.80 25.69 23.40 0.71 NONE 0.00 1.52 
59.00 1280 1 20.73 25.70 23.36 0.72 NONE 0.00 1.53 
59.10 1280 1 20.72 25.66 23.37 0.72 NONE 0.00 1.54 
59.20 1280 1 20.73 25.73 23.35 0.72 NONE 0.00 1.55 
59.30 1280 1 20.66 25.72 23.37 0.72 NONE 0.00 1.56 
59.40 1280 1 20.69 25.72 23.41 0.72 NONE 0.00 1.57 
59.50 1280 1 20.75 25.74 23.46 0.72 NONE 0.00 1.59 
59.60 1280 1 20.67 25.69 23.45 0.73 NONE 0.00 1.60 
59.70 1280 1 20.62 25.75 23.42 0.73 NONE 0.00 1.61 
59.80 1280 1 20.59 25.78 23.40 0.73 NONE 0.00 1.62 
59.90 1280 1 20.65 25.78 23.40 0.73 NONE 0.00 1.63 
60.00 1280 1 20.66 25.83 23.44 0.73 NONE 0.00 1.64 
60.10 1280 1 20.67 25.72 23.41 0.73 NONE 0.00 1.65 
60.20 1344 1 20.68 25.70 23.47 0.74 NONE 0.00 1.66 
60.30 1344 1 20.63 25.70 23.47 0.74 NONE 0.00 1.68 
60.40 1408 1 20.63 25.69 23.43 0.74 NONE 0.00 1.69 
60.50 1408 1 20.64 25.70 23.47 0.74 NONE 0.00 1.70 
60.60 1536 1 20.66 25.70 23.48 0.74 NONE 0.00 1.71 
60.70 1536 1 20.71 25.69 23.48 0.74 NONE 0.00 1.72 
60.80 1600 1 20.76 25.70 23.44 0.75 NONE 0.00 1.74 
60.90 1600 1 20.75 25.69 23.41 0.75 NONE 0.00 1.75 
61.00 1664 1 20.73 25.72 23.34 0.75 NONE 0.00 1.76 
61.10 1728 1 20.72 25.75 23.38 0.75 NONE 0.00 1.77 
61.20 1728 1 20.71 25.73 23.37 0.75 NONE 0.00 1.78 
61.30 1728 1 20.79 25.70 23.31 0.75 NONE 0.00 1.80 
61.40 1728 1 20.74 25.70 23.34 0.76 NONE 0.00 1.81 
61.50 1728 1 20.72 25.74 23.34 0.76 NONE 0.00 1.82 
61.60 1728 1 20.69 25.71 23.39 0.76 NONE 0.00 1.83 
61.70 1728 1 20.70 25.70 23.32 0.76 NONE 0.00 1.85 
61.80 1728 1 20.67 25.68 23.33 0.76 NONE 0.00 1.86 
61.90 1792 1 20.64 25.66 23.30 0.76 NONE 0.00 1.87 
62.00 1792 1 20.69 25.65 23.33 0.77 NONE 0.00 1.89 
62.10 1792 1 20.65 25.68 23.36 0.77 NONE 0.00 1.90 
62.20 1792 1 20.60 25.71 23.32 0.77 NONE 0.00 1.91 
62.30 1792 1 20.61 25.70 23.30 0.77 NONE 0.00 1.93 
62.40 1856 1 20.65 25.68 23.31 0.77 NONE 0.00 1.94 
62.50 1856 1 20.61 25.68 23.28 0.78 NONE 0.00 1.95 
62.60 1920 1 20.61 25.68 23.28 0.78 NONE 0.00 1.97 
62.70 1920 1 20.65 25.65 23.25 0.78 NONE 0.00 1.98 
62.80 1920 1 20.65 25.71 23.29 0.78 NONE 0.00 1.99 
62.90 1984 1 20.67 25.65 23.38 0.62 NONE 0.00 1.00 
63.00 1984 1 20.71 25.65 23.39 0.62 NONE 0.00 1.01 
63.10 1984 1 20.62 25.63 23.43 0.62 NONE 0.00 1.02 
63.20 1984 1 20.59 25.67 23.44 0.63 NONE 0.00 1.02 
63.30 1984 1 20.56 25.59 23.43 0.63 NONE 0.00 1.03 
63.40 1984 1 20.47 25.56 23.47 0.63 NONE 0.00 1.04 
63.50 1984 1 20.44 25.58 23.50 0.63 NONE 0.00 1.05 
63.60 1984 1 20.41 25.56 23.49 0.63 NONE 0.00 1.05 
63.70 1984 1 20.47 25.53 23.50 0.63 NONE 0.00 1.06 
63.80 2048 1 20.42 25.51 23.51 0.63 NONE 0.00 1.07 
63.90 2048 1 20.41 25.42 23.52 0.64 NONE 0.00 1.08 
64.00 2048 1 20.42 25.43 23.55 0.64 NONE 0.00 1.08 
64.10 2048 1 20.39 25.41 23.53 0.64 NONE 0.00 1.09 
64.20 2048 1 20.37 25.39 23.53 0.64 NONE 0.00 1.10 
64.30 2048 1 20.40 25.39 23.47 0.64 NONE 0.00 1.11 
64.40 2048 1 20.41 25.37 23.51 0.64 NONE 0.00 1.11 
64.50 2048 1 20.33 25.42 23.47 0.64 NONE 0.00 1.12 
64.60 2112 1 20.38 25.45 23.47 0.65 NONE 0.00 1.13 
64.70 2112 1 20.42 25.43 23.41 0.65 NONE 0.00 1.14 
64.80 2176 1 20.38 25.42 23.43 0.65 NONE 0.00 1.14 
64.90 2176 1 20.42 25.46 23.43 0.65 NONE 0.00 1.15 
65.00 2304 1 20.37 25.36 23.48 0.65 NONE 0.00 1.16 
65.10 2304 1 20.42 25.41 23.48 0.65 NONE 0.00 1.17 
65.20 2304 1 20.42 25.42 23.43 0.65 NONE 0.00 1.18 
65.30 2368 1 20.42 25.39 23.50 0.66 NONE 0.00 1.19 
65.40 2432 1 20.39 25.43 23.48 0.66 NONE 0.00 1.19 
65.50 2496 1 20.35 25.47 23.46 0.66 NONE 0.00 1.20 
65.60 2496 1 20.38 25.39 23.48 0.66 NONE 0.00 1.21 
65.70 2496 1 20.34 25.38 23.50 0.66 NONE 0.00 1.22 
65.80 2496 1 20.37 25.37 23.52 0.66 NONE 0.00 1.23 
65.90 2496 1 20.30 25.42 23.49 0.67 NONE 0.00 1.24 
66.00 2496 1 20.29 25.41 23.56 0.67 NONE 0.00 1.24 
66.10 2496 1 20.31 25.36 23.57 0.67 NONE 0.00 1.25 
66.20 2496 1 20.41 25.43 23.60 0.67 NONE 0.00 1.26 
66.30 2496 1 20.35 25.44 23.50 0.67 NONE 0.00 1.27 
66.40 2496 1 20.39 25.36 23.59 0.67 NONE 0.00 1.28 
66.50 2496 1 20.34 25.45 23.61 0.67 NONE 0.00 1.29 
66.60 2496 1 20.30 25.37 23.66 0.68 NONE 0.00 1.30 
66.70 2496 1 20.32 25.38 23.66 0.68 NONE 0.00 1.31 
66.80 2496 1 20.30 25.39 23.64 0.68 NONE 0.00 1.31 
66.90 2496 1 20.34 25.36 23.74 0.68 NONE 0.00 1.32 
67.00 2496 1 20.26 25.46 23.76 0.68 NONE 0.00 1.33 
67.10 2496 1 20.29 25.45 23.75 0.68 NONE 0.00 1.34 
67.20 2496 1 20.30 25.51 23.74 0.69 NONE 0.00 1.35 
67.30 2496 1 20.29 25.49 23.77 0.69 NONE 0.00 1.36 
67.40 2496 1 20.28 25.49 23.73 0.69 NONE 0.00 1.37 
67.50 2496 1 20.25 25.38 23.76 0.69 NONE 0.00 1.38 
67.60 2496 1 20.24 25.39 23.69 0.69 NONE 0.00 1.39 
67.70 2496 1 20.19 25.46 23.72 0.69 NONE 0.00 1.40 
67.80 2560 1 20.23 25.43 23.77 0.70 NONE 0.00 1.41 
67.90 2560 1 20.21 25.47 23.70 0.70 NONE 0.00 1.42 
68.00 2560 1 20.21 25.42 23.71 0.70 NONE 0.00 1.43 
68.10 2560 1 20.24 25.43 23.70 0.70 NONE 0.00 1.44 
68.20 2560 1 20.25 25.47 23.71 0.70 NONE 0.00 1.45 
68.30 2560 1 20.26 25.45 23.77 0.70 NONE 0.00 1.46 
68.40 2560 1 20.22 25.39 23.76 0.71 NONE 0.00 1.47 
68.50 2560 1 20.29 25.38 23.78 0.71 NONE 0.00 1.48 
68.60 2560 1 20.23 25.41 23.76 0.71 NONE 0.00 1.49 
68.70 2560 1 20.17 25.44 23.73 0.71 NONE 0.00 1.50 
68.80 2560 1 20.11 25.38 23.72 0.71 NONE 0.00 1.51 
68.90 2560 1 20.16 25.34 23.80 0.71 NONE 0.00 1.52 
69.00 2560 1 20.10 25.27 23.79 0.72 NONE 0.00 1.53 
69.10 2560 1 20.15 25.21 23.81 0.72 NONE 0.00 1.54 
69.20 2560 1 20.11 25.27 23.78 0.72 NONE 0.00 1.55 
69.30 2560 1 20.14 25.26 23.78 0.72 NONE 0.00 1.56 
69.40 2560 1 20.16 25.33 23.73 0.72 NONE 0.00 1.57 
69.50 2560 1 20.11 25.34 23.70 0.72 NONE 0.00 1.59 
69.60 2560 1 20.12 25.40 23.72 0.73 NONE 0.00 1.60 
69.70 2560 1 20.13 25.36 23.74 0.73 NONE 0.00 1.61 
69.80 2560 1 20.07 25.41 23.73 0.73 NONE 0.00 1.62 
69.90 2560 1 20.14 25.36 23.72 0.73 NONE 0.00 1.63 
70.00 2560 1 20.08 25.46 23.77 0.73 NONE 0.00 1.64 
70.10 2560 1 20.13 25.42 23.74 0.73 NONE 0.00 1.65 
70.20 2688 1 20.11 25.48 23.81 0.74 NONE 0.00 1.66 
70.30 2688 1 20.08 25.48 23.82 0.74 NONE 0.00 1.68 
70.40 2816 1 20.08 25.41 23.77 0.74 NONE 0.00 1.69 
70.50 2816 1 20.06 25.44 23.79 0.74 NONE 0.00 1.70 
70.60 3072 1 20.06 25.47 23.85 0.74 NONE 0.00 1.71 
70.70 3072 1 20.10 25.41 23.87 0.74 NONE 0.00 1.72 
70.80 3200 1 20.02 25.43 23.79 0.75 NONE 0.00 1.74 
70.90 3200 1 20.05 25.46 23.84 0.75 NONE 0.00 1.75 
71.00 3328 1 20.11 25.40 23.83 0.75 NONE 0.00 1.76 
71.10 3456 1 20.11 25.47 23.82 0.75 NONE 0.00 1.77 
71.20 3456 1 20.08 25.41 23.81 0.75 NONE 0.00 1.78 
71.30 3456 1 20.04 25.47 23.85 0.75 NONE 0.00 1.80 
71.40 3456 1 20.06 25.42 23.82 0.76 NONE 0.00 1.81 
71.50 3456 1 20.12 25.46 23.85 0.76 NONE 0.00 1.82 
71.60 3456 1 20.06 25.49 23.84 0.76 NONE 0.00 1.83 
71.70 3456 1 20.10 25.43 23.81 0.76 NONE 0.00 1.85 
71.80 3456 1 20.09 25.47 23.85 0.76 NONE 0.00 1.86 
71.90 3584 1 20.12 25.40 23.82 0.76 NONE 0.00 1.87 
72.00 3584 1 20.09 25.41 23.81 0.77 NONE 0.00 1.89 
72.10 3584 1 20.06 25.37 23.83 0.77 NONE 0.00 1.90 
72.20 3584 1 20.03 25.43 23.78 0.77 NONE 0.00 1.91 
72.30 3584 1 20.07 25.40 23.82 0.77 NONE 0.00 1.93 
72.40 3712 1 20.04 25.44 23.87 0.77 NONE 0.00 1.94 
72.50 3712 1 19.99 25.40 23.94 0.78 NONE 0.00 1.95 
72.60 3840 1 20.01 25.46 23.89 0.78 NONE 0.00 1.97 
72.70 3840 1 20.03 25.39 23.91 0.78 NONE 0.00 1.98 
72.80 3840 1 19.99 25.45 23.96 0.78 NONE 0.00 1.99 
72.90 3968 1 19.84 25.57 24.00 0.62 NONE 0.00 1.00 
73.00 3968 1 19.85 25.56 24.05 0.62 NONE 0.00 1.01 
73.10 3968 1 19.85 25.61 24.02 0.62 NONE 0.00 1.02 
73.20 3968 1 19.89 25.53 24.02 0.63 NONE 0.00 1.02 
73.30 3968 1 19.91 25.61 24.04 0.63 NONE 0.00 1.03 
73.40 3968 1 19.96 25.59 24.06 0.63 NONE 0.00 1.04 
73.50 3968 1 19.95 25.64 24.10 0.63 NONE 0.00 1.05 
73.60 3968 1 19.96 25.67 24.11 0.63 NONE 0.00 1.05 
73.70 3968 1 19.92 25.69 24.10 0.63 NONE 0.00 1.06 
73.80 4096 1 19.88 25.70 24.11 0.63 NONE 0.00 1.07 
73.90 4096 1 19.87 25.72 24.06 0.64 NONE 1.00 1.09 
74.00 4096 1 19.79 25.78 24.09 0.64 NONE 1.00 1.11 
74.10 4096 1 19.80 25.81 24.10 0.65 NONE 1.00 1.14 
74.20 4096 1 19.79 25.79 24.15 0.65 NONE 1.00 1.16 
74.30 4096 1 19.80 25.78 24.13 0.66 NONE 1.00 1.19 
74.40 4096 1 19.82 25.82 24.10 0.66 NONE 1.00 1.21 
74.50 4096 1 19.75 25.81 24.09 0.67 NONE 1.00 1.24 
74.60 4224 1 19.77 25.81 24.06 0.67 NONE 1.00 1.26 
74.70 4224 1 19.77 25.80 24.08 0.67 NONE 1.00 1.29 
74.80 4352 1 19.74 25.88 24.07 0.68 NONE 1.00 1.31 
74.90 4352 1 19.79 25.88 24.07 0.68 NONE 1.00 1.34 
75.00 4608 1 19.73 25.88 24.04 0.69 NONE 1.00 1.37 
75.10 4608 1 19.76 25.92 24.05 0.69 NONE 1.00 1.40 
75.20 4608 1 19.77 25.96 24.01 0.70 NONE 1.00 1.43 
75.30 4736 1 19.74 25.93 24.09 0.70 NONE 1.00 1.46 
75.40 4864 1 19.68 25.98 24.05 0.71 NONE 1.00 1.49 
75.50 4992 1 19.68 25.94 24.02 0.71 NONE 1.00 1.52 
75.60 4992 1 19.67 26.02 24.09 0.72 NONE 1.00 1.55 
75.70 4992 1 19.64 25.94 24.08 0.72 NONE 1.00 1.59 
75.80 4992 1 19.63 26.00 24.05 0.73 NONE 1.00 1.62 
75.90 4992 1 19.61 26.04 24.11 0.73 NONE 1.00 1.65 
76.00 4992 1 19.59 26.09 23.99 0.74 NONE 1.00 1.69 
76.10 4992 1 19.56 26.05 24.04 0.74 NONE 1.00 1.72 
76.20 4992 1 19.56 26.11 24.02 0.75 NONE 1.00 1.76 
76.30 4992 1 19.60 26.09 24.03 0.75 NONE 1.00 1.80 
76.40 4992 1 19.57 26.14 24.09 0.76 NONE 1.00 1.83 
76.50 4992 1 19.58 26.18 24.10 0.76 NONE 1.00 1.87 
76.60 4992 1 19.56 26.15 24.05 0.77 NONE 1.00 1.91 
76.70 4992 1 19.62 26.17 24.04 0.78 NONE 1.00 1.95 
76.80 4992 1 19.60 26.18 24.05 0.78 NONE 1.00 1.99 
76.90 4993 1 19.50 26.26 24.06 0.62 NONE 1.00 1.02 
77.00 4993 1 19.51 26.26 24.09 0.63 NONE 1.00 1.04 
77.10 4993 1 19.48 26.30 24.03 0.63 NONE 1.00 1.06 
77.20 4993 1 19.57 26.30 24.06 0.64 NONE 1.00 1.08 
77.30 4993 1 19.54 26.29 24.04 0.64 NONE 1.00 1.11 
77.40 4993 1 19.50 26.32 24.01 0.65 NONE 1.00 1.13 
77.50 4993 1 19.44 26.35 23.98 0.65 NONE 1.00 1.15 
77.60 4993 1 19.41 26.37 24.00 0.65 NONE 1.00 1.18 
77.70 4993 1 19.45 26.36 24.04 0.66 NONE 1.00 1.20 
77.80 5121 1 19.46 26.37 24.07 0.66 NONE 1.00 1.23 
77.90 5121 1 19.43 26.40 23.98 0.67 NONE 1.00 1.25 
78.00 5121 1 19.37 26.34 24.06 0.67 NONE 1.00 1.28 
78.10 5121 1 19.45 26.32 24.05 0.68 NONE 1.00 1.31 
78.20 5121 1 19.42 26.26 24.04 0.68 NONE 1.00 1.33 
78.30 5121 1 19.35 26.30 23.94 0.69 NONE 1.00 1.36 
78.40 5121 1 19.40 26.30 24.01 0.69 NONE 1.00 1.39 
78.50 5121 1 19.45 26.29 24.02 0.70 NONE 1.00 1.42 
78.60 5121 1 19.45 26.31 24.08 0.70 NONE 1.00 1.45 
78.70 5121 1 19.40 26.28 24.09 0.71 NONE 1.00 1.48 
78.80 5121 1 19.36 26.34 24.10 0.71 NONE 1.00 1.51 
78.90 5121 1 19.33 26.33 24.13 0.72 NONE 1.00 1.54 
79.00 5121 1 19.31 26.35 24.13 0.72 NONE 1.00 1.57 
79.10 5121 1 19.34 26.34 24.12 0.73 NONE 1.00 1.61 
79.20 5121 1 19.32 26.30 24.09 0.73 NONE 1.00 1.64 
79.30 5121 1 19.35 26.31 24.11 0.74 NONE 1.00 1.68 
79.40 5121 1 19.31 26.33 24.12 0.74 NONE 1.00 1.71 
79.50 5121 1 19.33 26.31 24.19 0.75 NONE 1.00 1.75 
79.60 5121 1 19.30 26.28 24.22 0.75 NONE 1.00 1.78 
79.70 5121 1 19.38 26.34 24.17 0.76 NONE 1.00 1.82 
79.80 5121 1 19.40 26.31 24.20 0.76 NONE 1.00 1.86 
79.90 5121 1 19.41 26.35 24.16 0.77 NONE 1.00 1.90 
80.00 5121 1 19.43 26.38 24.22 0.77 NONE 1.00 1.94 
80.10 5121 1 19.39 26.39 24.20 0.78 NONE 1.00 1.98 
80.20 5379 1 19.33 26.40 24.02 0.62 NONE 1.00 1.01 
80.30 5379 1 19.34 26.36 24.00 0.63 NONE 1.00 1.03 
80.40 5635 1 19.29 26.42 24.02 0.63 NONE 1.00 1.05 
80.50 5635 1 19.17 26.45 23.99 0.64 NONE 1.00 1.08 
80.60 6147 1 19.17 26.44 23.95 0.64 NONE 1.00 1.10 
80.70 6147 1 19.15 26.46 23.97 0.64 NONE 1.00 1.12 
80.80 6403 1 19.14 26.53 23.84 0.65 NONE 1.00 1.14 
80.90 6403 1 19.07 26.58 23.91 0.65 NONE 1.00 1.17 
81.00 6659 1 19.05 26.56 23.87 0.66 NONE 1.00 1.19 
81.10 6915 1 19.06 26.62 23.87 0.66 NONE 1.00 1.22 
81.20 6915 1 19.04 26.61 23.86 0.67 NONE 1.00 1.24 
81.30 6915 1 19.03 26.60 23.89 0.67 NONE 1.00 1.27 
81.40 6915 1 19.03 26.64 23.89 0.68 NONE 1.00 1.30 
81.50 6915 1 19.06 26.71 23.94 0.68 NONE 1.00 1.32 
81.60 6915 1 19.05 26.76 23.93 0.69 NONE 1.00 1.35 
81.70 6915 1 19.05 26.76 23.90 0.69 NONE 1.00 1.38 
81.80 6915 1 19.06 26.77 23.89 0.70 NONE 1.00 1.41 
81.90 7171 1 19.11 26.87 23.94 0.70 NONE 1.00 1.44 
82.00 7171 1 19.09 26.87 23.95 0.71 NONE 1.00 1.47 
82.10 7171 1 19.04 26.87 23.93 0.71 NONE 1.00 1.50 
82.20 7171 1 19.01 26.83 23.94 0.72 NONE 1.00 1.53 
82.30 7171 1 19.08 26.92 23.95 0.72 NONE 1.00 1.56 
82.40 7427 1 18.98 26.90 23.92 0.73 NONE 1.00 1.60 
82.50 7427 1 19.02 26.86 23.91 0.73 NONE 1.00 1.63 
82.60 7683 1 19.01 26.88 23.94 0.74 NONE 1.00 1.66 
82.70 7683 1 18.96 26.89 23.90 0.74 NONE 1.00 1.70 
82.80 7683 1 18.94 26.93 23.95 0.75 NONE 1.00 1.74 
82.90 7938 1 18.86 26.91 23.95 0.75 NONE 1.00 1.77 
83.00 7938 1 18.87 26.88 24.01 0.76 NONE 1.00 1.81 
83.10 7938 1 18.93 26.83 23.99 0.76 NONE 1.00 1.85 
83.20 7938 1 18.97 26.81 24.01 0.77 NONE 1.00 1.89 
83.30 7938 1 18.98 26.78 24.01 0.77 NONE 1.00 1.93 
83.40 7938 1 18.99 26.73 24.09 0.78 NONE 1.00 1.97 
83.50 7942 1 19.02 26.90 24.01 0.62 NONE 1.00 1.00 
83.60 7942 1 19.07 26.96 23.97 0.63 NONE 1.00 1.02 
83.70 7942 1 19.13 27.04 23.94 0.63 NONE 1.00 1.05 
83.80 8198 1 19.14 27.02 23.93 0.63 NONE 1.00 1.07 
83.90 8198 1 19.15 27.11 23.92 0.64 NONE 1.00 1.09 
84.00 8198 1 19.23 27.12 23.92 0.64 NONE 1.00 1.11 
84.10 8198 1 19.20 27.11 24.00 0.65 NONE 1.00 1.14 
84.20 8198 1 19.20 27.13 24.01 0.65 NONE 1.00 1.16 
84.30 8198 1 19.24 27.12 24.07 0.66 NONE 1.00 1.19 
84.40 8198 1 19.28 27.14 24.05 0.66 NONE 1.00 1.21 
84.50 8198 1 19.31 27.14 24.07 0.67 NONE 1.00 1.24 
84.60 8454 1 19.33 27.14 24.09 0.67 NONE 1.00 1.26 
84.70 8454 1 19.31 27.14 24.07 0.67 NONE 1.00 1.29 
84.80 8710 1 19.32 27.19 24.07 0.68 NONE 1.00 1.31 
84.90 8710 1 19.33 27.20 24.07 0.68 NONE 1.00 1.34 
85.00 9222 1 19.35 27.13 24.11 0.69 NONE 1.00 1.37 
85.10 9222 1 19.35 27.20 24.11 0.69 NONE 1.00 1.40 
85.20 9222 1 19.33 27.13 24.04 0.70 NONE 1.00 1.43 
85.30 9478 1 19.34 27.11 24.07 0.70 NONE 1.00 1.46 
85.40 9734 1 19.35 27.09 24.07 0.71 NONE 1.00 1.49 
85.50 9990 1 19.34 27.15 24.05 0.71 NONE 1.00 1.52 
85.60 9990 1 19.30 27.13 24.04 0.72 NONE 1.00 1.55 
85.70 9990 1 19.27 27.22 24.08 0.72 NONE 1.00 1.59 
85.80 9990 1 19.32 27.20 24.12 0.73 NONE 1.00 1.62 
85.90 9990 1 19.22 27.26 24.17 0.73 NONE 1.00 1.65 
86.00 9990 1 19.24 27.19 24.20 0.74 NONE 1.00 1.69 
86.10 9990 1 19.26 27.22 24.19 0.74 NONE 1.00 1.72 
86.20 9990 1 19.21 27.26 24.21 0.75 NONE 1.00 1.76 
86.30 9990 1 19.23 27.31 24.19 0.75 NONE 1.00 1.80 
86.40 9990 1 19.21 27.31 24.18 0.76 NONE 1.00 1.83 
86.50 9990 1 19.24 27.27 24.11 0.76 NONE 1.00 1.87 
86.60 9990 1 19.17 27.30 24.19 0.77 NONE 1.00 1.91 
86.70 9990 1 19.16 27.29 24.19 0.78 NONE 1.00 1.95 
86.80 9990 1 19.15 27.31 24.21 0.78 NONE 1.00 1.99 
86.90 9998 1 19.04 27.38 24.21 0.62 NONE 1.00 1.02 
87.00 9998 1 18.99 27.46 24.22 0.63 NONE 1.00 1.04 
87.10 9998 1 19.00 27.45 24.23 0.63 NONE 1.00 1.06 
87.20 9998 1 18.97 27.45 24.23 0.64 NONE 1.00 1.08 
87.30 9998 1 19.00 27.49 24.27 0.64 NONE 1.00 1.11 
87.40 9998 1 18.90 27.42 24.13 0.65 NONE 1.00 1.13 
87.50 9998 1 19.00 27.51 24.16 0.65 NONE 1.00 1.15 
87.60 9998 1 18.91 27.53 24.09 0.65 NONE 1.00 1.18 
87.70 9998 1 18.98 27.58 24.10 0.66 NONE 1.00 1.20 
87.80 10254 1 18.99 27.66 24.05 0.66 NONE 1.00 1.23 
87.90 10254 1 18.99 27.64 24.03 0.67 NONE 1.00 1.25 
88.00 10254 1 19.01 27.58 24.02 0.67 NONE 1.00 1.28 
88.10 10254 1 19.07 27.61 24.06 0.68 NONE 1.00 1.31 
88.20 10254 1 19.01 27.56 24.00 0.68 NONE 1.00 1.33 
88.30 10254 1 19.06 27.58 24.04 0.69 NONE 1.00 1.36 
88.40 10254 1 19.00 27.61 24.01 0.69 NONE 1.00 1.39 
88.50 10254 1 19.00 27.60 24.02 0.70 NONE 1.00 1.42 
88.60 10254 1 18.99 27.48 24.03 0.70 NONE 1.00 1.45 
88.70 10254 1 18.96 27.53 24.01 0.71 NONE 1.00 1.48 
88.80 10254 1 18.94 27.51 24.04 0.71 NONE 1.00 1.51 
88.90 10254 1 19.02 27.47 24.04 0.72 NONE 1.00 1.54 
89.00 10254 1 18.94 27.52 24.03 0.72 NONE 1.00 1.57 
89.10 10254 1 19.03 27.54 24.05 0.73 NONE 1.00 1.61 
89.20 10254 1 18.92 27.55 23.95 0.73 NONE 1.00 1.64 
89.30 10254 1 19.03 27.59 23.94 0.74 NONE 1.00 1.68 
89.40 10254 1 18.97 27.54 23.96 0.74 NONE 1.00 1.71 
89.50 10254 1 19.11 27.72 23.91 0.75 NONE 1.00 1.75 
89.60 10254 1 19.01 27.64 23.92 0.75 NONE 1.00 1.78 
89.70 10254 1 19.11 27.61 23.91 0.76 NONE 1.00 1.82 
89.80 10254 1 18.97 27.58 23.89 0.76 NONE 1.00 1.86 
89.90 10254 1 18.98 27.61 23.86 0.77 NONE 1.00 1.90 
90.00 10254 1 18.94 27.61 23.92 0.77 NONE 1.00 1.94 
90.10 10254 1 18.97 27.67 23.88 0.78 NONE 1.00 1.98 
90.20 10782 1 19.10 27.71 23.92 0.62 NONE 1.00 1.01 
90.30 10782 1 19.16 27.80 23.90 0.63 NONE 1.00 1.03 
90.40 11294 1 19.11 27.79 23.92 0.63 NONE 1.00 1.05 
90.50 11294 1 19.13 27.83 23.96 0.64 NONE 1.00 1.08 
90.60 12318 1 19.04 27.93 23.93 0.64 NONE 1.00 1.10 
90.70 12318 1 19.09 27.91 24.01 0.64 NONE 1.00 1.12 
90.80 12830 1 19.01 27.89 24.00 0.65 NONE 1.00 1.14 
90.90 12830 1 19.03 27.92 24.03 0.65 NONE 1.00 1.17 
91.00 13342 1 18.90 27.97 24.02 0.66 NONE 1.00 1.19 
91.10 13854 1 18.89 27.97 24.10 0.66 NONE 1.00 1.22 
91.20 13854 1 18.91 27.95 24.03 0.67 NONE 1.00 1.24 
91.30 13854 1 18.87 27.88 24.12 0.67 NONE 1.00 1.27 
91.40 13854 1 18.85 27.96 24.10 0.68 NONE 1.00 1.30 
91.50 13854 1 18.85 27.91 24.15 0.68 NONE 1.00 1.32 
91.60 13854 1 18.83 27.99 24.13 0.69 NONE 1.00 1.35 
91.70 13854 1 18.84 28.01 24.12 0.69 NONE 1.00 1.38 
91.80 13854 1 18.86 28.03 24.10 0.70 NONE 1.00 1.41 
91.90 14366 1 18.84 27.98 24.12 0.70 NONE 1.00 1.44 
92.00 14366 1 18.86 28.09 24.09 0.71 NONE 1.00 1.47 
92.10 14366 1 18.78 28.07 24.13 0.71 NONE 1.00 1.50 
92.20 14366 1 18.70 28.16 24.13 0.72 NONE 1.00 1.53 
92.30 14366 1 18.66 28.15 24.26 0.72 NONE 1.00 1.56 
92.40 14878 1 18.73 28.24 24.27 0.73 NONE 1.00 1.60 
92.50 14878 1 18.71 28.21 24.27 0.73 NONE 1.00 1.63 
92.60 15390 1 18.67 28.28 24.27 0.74 NONE 1.00 1.66 
92.70 15390 1 18.71 28.25 24.25 0.74 NONE 1.00 1.70 
92.80 15390 1 18.64 28.22 24.21 0.75 NONE 1.00 1.74 
92.90 15900 1 18.67 28.20 24.24 0.75 NONE 1.00 1.77 
93.00 15900 1 18.67 28.22 24.21 0.76 NONE 1.00 1.81 
93.10 15900 1 18.72 28.16 24.21 0.76 NONE 1.00 1.85 
93.20 15900 1 18.72 28.06 24.08 0.77 NONE 1.00 1.89 
93.30 15900 1 18.71 28.05 24.07 0.77 NONE 1.00 1.93 
93.40 15900 1 18.76 28.03 23.99 0.78 NONE 1.00 1.97 
93.50 15932 1 18.77 28.06 23.90 0.62 NONE 1.00 1.00 
93.60 15932 1 18.71 28.16 23.76 0.63 NONE 1.00 1.02 
93.70 15932 1 18.68 28.19 23.72 0.63 NONE 1.00 1.05 
93.80 16444 1 18.58 28.18 23.71 0.63 NONE 1.00 1.07 
93.90 16444 1 18.55 28.21 23.71 0.64 NONE 1.00 1.09 
94.00 16444 1 18.48 28.14 23.68 0.64 NONE 1.00 1.11 
94.10 16444 1 18.40 28.20 23.67 0.65 NONE 1.00 1.14 
94.20 16444 1 18.37 28.28 23.67 0.65 NONE 1.00 1.16 
94.30 16444 1 18.37 28.31 23.66 0.66 NONE 1.00 1.19 
94.40 16444 1 18.38 28.31 23.66 0.66 NONE 1.00 1.21 
94.50 16444 1 18.35 28.38 23.69 0.67 NONE 1.00 1.24 
94.60 16956 1 18.26 28.46 23.72 0.67 NONE 1.00 1.26 
94.70 16956 1 18.26 28.43 23.72 0.67 NONE 1.00 1.29 
94.80 17468 1 18.27 28.45 23.71 0.68 NONE 1.00 1.31 
94.90 17468 1 18.24 28.47 23.64 0.68 NONE 1.00 1.34 
95.00 18492 1 18.26 28.51 23.61 0.69 NONE 1.00 1.37 
95.10 18492 1 18.29 28.55 23.63 0.69 NONE 1.00 1.40 
95.20 18492 1 18.30 28.55 23.59 0.70 NONE 1.00 1.43 
95.30 19004 1 18.27 28.60 23.57 0.70 NONE 1.00 1.46 
95.40 19516 1 18.25 28.62 23.54 0.71 NONE 1.00 1.49 
95.50 20028 1 18.31 28.65 23.59 0.71 NONE 1.00 1.52 
95.60 20028 1 18.30 28.62 23.54 0.72 NONE 1.00 1.55 
95.70 20028 1 18.35 28.68 23.53 0.72 NONE 1.00 1.59 
95.80 20028 1 18.24 28.68 23.57 0.73 NONE 1.00 1.62 
95.90 20028 1 18.33 28.69 23.59 0.73 NONE 1.00 1.65 
96.00 20028 1 18.22 28.74 23.63 0.74 NONE 1.00 1.69 
96.10 20028 1 18.21 28.70 23.60 0.74 NONE 1.00 1.72 
96.20 20028 1 18.22 28.78 23.62 0.75 NONE 1.00 1.76 
96.30 20028 1 18.25 28.78 23.59 0.75 NONE 1.00 1.80 
96.40 20028 1 18.30 28.77 23.67 0.76 NONE 1.00 1.83 
96.50 20028 1 18.31 28.84 23.65 0.76 NONE 1.00 1.87 
96.60 20028 1 18.30 28.91 23.69 0.77 NONE 1.00 1.91 
96.70 20028 1 18.32 28.73 23.76 0.78 NONE 1.00 1.95 
96.80 20028 1 18.33 28.88 23.73 0.78 NONE 1.00 1.99 
96.90 20092 1 18.30 28.91 23.69 0.62 NONE 1.00 1.02 
97.00 20092 1 18.29 29.03 23.65 0.63 NONE 1.00 1.04 
97.10 20092 1 18.28 28.96 23.52 0.63 NONE 1.00 1.06 
97.20 20092 1 18.30 29.03 23.62 0.64 NONE 1.00 1.08 
97.30 20092 1 18.17 28.94 23.55 0.64 NONE 1.00 1.11 
97.40 20092 1 18.25 28.99 23.61 0.65 NONE 1.00 1.13 
97.50 20092 1 18.23 28.93 23.54 0.65 NONE 1.00 1.15 
97.60 20092 1 18.21 29.13 23.64 0.65 NONE 1.00 1.18 
97.70 20092 1 18.17 28.95 23.65 0.66 NONE 1.00 1.20 
97.80 20604 1 18.14 29.15 23.53 0.66 NONE 1.00 1.23 
97.90 20604 1 18.10 29.06 23.59 0.67 NONE 1.00 1.25 
98.00 20604 1 18.03 29.14 23.52 0.67 NONE 1.00 1.28 
98.10 20604 1 18.05 29.06 23.58 0.68 NONE 1.00 1.31 
98.20 20604 1 18.08 29.09 23.49 0.68 NONE 1.00 1.33 
98.30 20604 1 18.04 28.97 23.56 0.69 NONE 1.00 1.36 
98.40 20604 1 18.03 29.10 23.48 0.69 NONE 1.00 1.39 
98.50 20604 1 18.01 29.00 23.58 0.70 NONE 1.00 1.42 
98.60 20604 1 18.01 29.14 23.50 0.70 NONE 1.00 1.45 
98.70 20604 1 17.96 29.03 23.53 0.71 NONE 1.00 1.48 
98.80 20604 1 17.95 29.08 23.59 0.71 NONE 1.00 1.51 
98.90 20604 1 17.91 28.96 23.69 0.72 NONE 1.00 1.54 
99.00 20604 1 17.80 29.15 23.66 0.72 NONE 1.00 1.57 
99.10 20604 1 17.78 28.99 23.66 0.73 NONE 1.00 1.61 
99.20 20604 1 17.75 29.20 23.61 0.73 NONE 1.00 1.64 
99.30 20604 1 17.77 29.08 23.62 0.74 NONE 1.00 1.68 
99.40 20604 1 17.83 29.25 23.61 0.74 NONE 1.00 1.71 
99.50 20604 1 17.84 29.09 23.58 0.75 NONE 1.00 1.75 
99.60 20604 1 17.78 29.24 23.64 0.75 NONE 1.00 1.78 
99.70 20604 1 17.78 29.09 23.59 0.76 NONE 1.00 1.82 
99.80 20604 1 17.75 29.21 23.62 0.76 NONE 1.00 1.86 
99.90 20604 1 17.78 29.02 23.62 0.77 NONE 1.00 1.90 
100.00 20604 1 17.76 29.14 23.59 0.77 NONE 1.00 1.94 
100.10 20604 1 17.80 29.06 23.61 0.78 NONE 1.00 1.98 
100.20 21756 1 17.84 29.07 23.59 0.62 NONE 1.00 1.01 
100.30 21756 1 17.87 29.02 23.64 0.63 NONE 1.00 1.03 
100.40 22780 1 17.87 29.11 23.63 0.63 NONE 1.00 1.05 
100.50 22780 1 17.85 29.07 23.63 0.64 NONE 1.00 1.08 
100.60 24828 1 17.84 29.21 23.68 0.64 NONE 1.00 1.10 
100.70 24828 1 17.85 29.20 23.63 0.64 NONE 1.00 1.12 
100.80 25852 1 17.84 29.23 23.67 0.65 NONE 1.00 1.14 
100.90 25852 1 17.79 29.27 23.59 0.65 NONE 1.00 1.17 
101.00 26876 1 17.81 29.25 23.60 0.66 NONE 1.00 1.19 
101.10 27900 1 17.81 29.29 23.55 0.66 NONE 1.00 1.22 
101.20 27900 1 17.83 29.24 23.51 0.67 NONE 1.00 1.24 
101.30 27900 1 17.77 29.34 23.47 0.67 NONE 1.00 1.27 
101.40 27900 1 17.75 29.30 23.44 0.68 NONE 1.00 1.30 
101.50 27900 1 17.78 29.39 23.39 0.68 NONE 1.00 1.32 
101.60 27900 1 17.85 29.37 23.52 0.69 NONE 1.00 1.35 
101.70 27900 1 17.89 29.46 23.38 0.69 NONE 1.00 1.38 
101.80 27900 1 17.89 29.43 23.48 0.70 NONE 1.00 1.41 
101.90 28924 1 17.84 29.46 23.37 0.70 NONE 1.00 1.44 
102.00 28924 1 17.84 29.41 23.46 0.71 NONE 1.00 1.47 
102.10 28924 1 17.84 29.50 23.37 0.71 NONE 1.00 1.50 
102.20 28924 1 17.85 29.46 23.41 0.72 NONE 1.00 1.53 
102.30 28924 1 17.83 29.53 23.31 0.72 NONE 1.00 1.56 
102.40 29948 1 17.86 29.50 23.42 0.73 NONE 1.00 1.60 
102.50 29948 1 17.90 29.58 23.29 0.73 NONE 1.00 1.63 
102.60 30972 1 17.92 29.57 23.43 0.74 NONE 1.00 1.66 
102.70 30972 1 17.99 29.61 23.33 0.74 NONE 1.00 1.70 
102.80 30972 1 17.92 29.60 23.33 0.75 NONE 1.00 1.74 
102.90 31992 1 17.92 29.66 23.38 0.75 NONE 1.00 1.77 
103.00 31992 1 17.84 29.64 23.28 0.76 NONE 1.00 1.81 
103.10 31992 1 17.89 29.74 23.31 0.76 NONE 1.00 1.85 
103.20 31992 1 17.85 29.68 23.23 0.77 NONE 1.00 1.89 
103.30 31992 1 17.88 29.69 23.29 0.77 NONE 1.00 1.93 
103.40 31992 1 17.88 29.66 23.31 0.78 NONE 1.00 1.97 
103.50 32248 1 17.86 29.60 23.34 0.62 NONE 1.00 1.00 
103.60 32248 1 17.77 29.47 23.32 0.63 NONE 1.00 1.02 
103.70 32248 1 17.67 29.60 23.30 0.63 NONE 1.00 1.05 
103.80 33272 1 17.61 29.52 23.28 0.63 NONE 1.00 1.07 
103.90 33272 1 17.56 29.56 23.26 0.64 NONE 1.00 1.09 
104.00 33272 1 17.65 29.57 23.30 0.64 NONE 1.00 1.11 
104.10 33272 1 17.51 29.58 23.17 0.65 NONE 1.00 1.14 
104.20 33272 1 17.54 29.52 23.27 0.65 NONE 1.00 1.16 
104.30 33272 1 17.42 29.66 23.12 0.66 NONE 1.00 1.19 
104.40 33272 1 17.51 29.68 23.26 0.66 NONE 1.00 1.21 
104.50 33272 1 17.43 29.75 23.02 0.67 NONE 1.00 1.24 
104.60 34296 1 17.39 29.61 23.12 0.67 NONE 1.00 1.26 
104.70 34296 1 17.30 29.70 22.91 0.67 NONE 1.00 1.29 
104.80 35320 1 17.32 29.64 23.02 0.68 NONE 1.00 1.31 
104.90 35320 1 17.34 29.67 22.91 0.68 NONE 1.00 1.34 
105.00 37368 1 17.31 29.68 23.07 0.69 NONE 1.00 1.37 
105.10 37368 1 17.34 29.82 22.99 0.69 NONE 1.00 1.40 
105.20 37368 1 17.36 29.77 23.12 0.70 NONE 1.00 1.43 
105.30 38392 1 17.35 29.97 22.98 0.70 NONE 1.00 1.46 
105.40 39416 1 17.31 29.79 23.18 0.71 NONE 1.00 1.49 
105.50 40440 1 17.28 29.93 22.95 0.71 NONE 1.00 1.52 
105.60 40440 1 17.28 29.85 23.15 0.72 NONE 1.00 1.55 
105.70 40440 1 17.23 29.91 22.96 0.72 NONE 1.00 1.59 
105.80 40440 1 17.25 29.73 23.23 0.73 NONE 1.00 1.62 
105.90 40440 1 17.24 29.86 23.07 0.73 NONE 1.00 1.65 
106.00 40440 1 17.15 29.77 23.07 0.74 NONE 1.00 1.69 
106.10 40440 1 17.27 29.92 22.92 0.74 NONE 1.00 1.72 
106.20 40440 1 17.04 29.86 22.98 0.75 NONE 1.00 1.76 
106.30 40440 1 17.15 29.96 22.89 0.75 NONE 1.00 1.80 
106.40 40440 1 17.10 29.95 22.95 0.76 NONE 1.00 1.83 
106.50 40440 1 17.12 30.08 22.88 0.76 NONE 1.00 1.87 
106.60 40440 1 17.08 29.98 22.86 0.77 NONE 1.00 1.91 
106.70 40440 1 17.10 30.19 22.79 0.78 NONE 1.00 1.95 
106.80 40440 1 17.06 30.10 22.83 0.78 NONE 1.00 1.99 
106.90 40952 1 17.06 30.10 22.73 0.62 NONE 1.00 1.02 
107.00 40952 1 17.12 30.06 22.80 0.63 NONE 1.00 1.04 
107.10 40952 1 17.37 30.17 22.78 0.63 NONE 1.00 1.06 
107.20 40952 1 17.30 30.10 22.85 0.64 NONE 1.00 1.08 
107.30 40952 1 17.33 30.19 22.74 0.64 NONE 1.00 1.11 
107.40 40952 1 17.25 30.14 22.75 0.65 NONE 1.00 1.13 
107.50 40952 1 17.40 30.21 22.70 0.65 NONE 1.00 1.15 
107.60 40952 1 17.28 30.21 22.71 0.65 NONE 1.00 1.18 
107.70 40952 1 17.51 30.23 22.75 0.66 NONE 1.00 1.20 
107.80 41976 1 17.41 30.34 22.62 0.66 NONE 1.00 1.23 
107.90 41976 1 17.47 30.29 22.80 0.67 NONE 1.00 1.25 
108.00 41976 1 17.29 30.29 22.75 0.67 NONE 1.00 1.28 
108.10 41976 1 17.43 30.34 22.96 0.68 NONE 1.00 1.31 
108.20 41976 1 17.21 30.36 22.77 0.68 NONE 1.00 1.33 
108.30 41976 1 17.33 30.41 22.96 0.69 NONE 1.00 1.36 
108.40 41976 1 17.18 30.46 22.69 0.69 NONE 1.00 1.39 
108.50 41976 1 17.24 30.42 22.88 0.70 NONE 1.00 1.42 
108.60 41976 1 17.15 30.57 22.72 0.70 NONE 1.00 1.45 
108.70 41976 1 17.23 30.67 22.90 0.71 NONE 1.00 1.48 
108.80 41976 1 17.09 30.58 22.64 0.71 NONE 1.00 1.51 
108.90 41976 1 17.18 30.74 22.75 0.72 NONE 1.00 1.54 
109.00 41976 1 17.09 30.70 22.71 0.72 NONE 1.00 1.57 
109.10 41976 1 17.09 30.75 22.73 0.73 NONE 1.00 1.61 
109.20 41976 1 17.01 30.64 22.66 0.73 NONE 1.00 1.64 
109.30 41976 1 17.07 30.82 22.62 0.74 NONE 1.00 1.68 
109.40 41976 1 17.15 30.68 22.55 0.74 NONE 1.00 1.71 
109.50 41976 1 17.00 30.93 22.60 0.75 NONE 1.00 1.75 
109.60 41976 1 17.08 30.94 22.57 0.75 NONE 1.00 1.78 
109.70 41976 1 16.87 30.95 22.53 0.76 NONE 1.00 1.82 
109.80 41976 1 17.01 30.99 22.56 0.76 NONE 1.00 1.86 
109.90 41976 1 16.78 30.98 22.48 0.77 NONE 1.00 1.90 
110.00 41976 1 16.86 31.03 22.45 0.77 NONE 1.00 1.94 
