35.50 624 615 27.73 20.06 24.63 0.49 NONE 0.00 0.50 
35.60 624 615 27.76 20.07 24.64 0.49 NONE 0.00 0.51 
35.70 624 615 27.79 20.12 24.65 0.50 NONE 0.00 0.51 
35.80 624 615 27.84 20.11 24.63 0.50 NONE 0.00 0.51 
35.90 624 615 27.91 20.09 24.55 0.50 NONE 0.00 0.52 
36.00 624 615 27.96 20.13 24.55 0.50 NONE 0.00 0.52 
36.10 624 615 27.98 20.05 24.54 0.50 NONE 0.00 0.52 
36.20 624 615 28.07 20.03 24.55 0.50 NONE 0.00 0.53 
36.30 624 615 28.14 20.07 24.56 0.50 NONE 0.00 0.53 
36.40 624 615 28.11 20.04 24.52 0.50 NONE 0.00 0.54 
36.50 624 615 28.15 20.08 24.49 0.51 NONE 0.00 0.54 
36.60 624 615 28.14 20.06 24.47 0.51 NONE 0.00 0.54 
36.70 624 615 28.19 20.07 24.46 0.51 NONE 0.00 0.55 
36.80 624 615 28.18 20.04 24.47 0.51 NONE 0.00 0.55 
36.90 624 615 28.19 19.99 24.48 0.51 NONE 0.00 0.55 
37.00 624 615 28.21 19.97 24.55 0.51 NONE 0.00 0.56 
37.10 624 615 28.17 19.98 24.54 0.51 NONE 0.00 0.56 
37.20 624 615 28.21 20.03 24.57 0.51 NONE 0.00 0.57 
37.30 624 615 28.20 20.10 24.48 0.51 NONE 0.00 0.57 
37.40 624 615 28.21 20.12 24.50 0.52 NONE 0.00 0.57 
37.50 624 615 28.22 20.11 24.51 0.52 NONE 0.00 0.58 
37.60 624 615 28.27 20.13 24.42 0.52 NONE 0.00 0.58 
37.70 624 615 28.30 20.15 24.41 0.52 NONE 0.00 0.59 
37.80 640 615 28.29 20.14 24.45 0.52 NONE 0.00 0.59 
37.90 640 615 28.29 20.20 24.40 0.52 NONE 0.00 0.59 
38.00 640 615 28.30 20.23 24.40 0.52 NONE 0.00 0.60 
38.10 640 615 28.26 20.21 24.45 0.52 NONE 0.00 0.60 
38.20 640 615 28.24 20.21 24.46 0.53 NONE 0.00 0.61 
38.30 640 615 28.23 20.20 24.49 0.53 NONE 0.00 0.61 
38.40 640 615 28.22 20.18 24.51 0.53 NONE 0.00 0.62 
38.50 640 615 28.26 20.19 24.47 0.53 NONE 0.00 0.62 
38.60 640 615 28.20 20.21 24.49 0.53 NONE 0.00 0.62 
38.70 640 615 28.25 20.15 24.47 0.53 NONE 0.00 0.63 
38.80 640 615 28.29 20.15 24.43 0.53 NONE 0.00 0.63 
38.90 640 615 28.27 20.12 24.46 0.53 NONE 0.00 0.64 
39.00 640 615 28.22 20.13 24.49 0.54 NONE 0.00 0.64 
39.10 640 615 28.22 20.15 24.51 0.54 NONE 0.00 0.65 
39.20 640 615 28.20 20.17 24.46 0.54 NONE 0.00 0.65 
39.30 640 615 28.20 20.18 24.37 0.54 NONE 0.00 0.66 
39.40 640 615 28.12 20.16 24.37 0.54 NONE 0.00 0.66 
39.50 640 615 28.11 20.13 24.40 0.54 NONE 0.00 0.66 
39.60 640 615 28.10 20.13 24.35 0.54 NONE 0.00 0.67 
39.70 640 615 28.11 20.13 24.39 0.54 NONE 0.00 0.67 
39.80 640 615 28.16 20.13 24.37 0.55 NONE 0.00 0.68 
39.90 640 615 28.15 20.11 24.42 0.55 NONE 0.00 0.68 
40.00 640 615 28.12 20.10 24.44 0.55 NONE 0.00 0.69 
40.10 640 615 28.08 20.13 24.46 0.55 NONE 0.00 0.69 
40.20 672 615 28.09 20.14 24.46 0.55 NONE 0.00 0.70 
40.30 672 615 28.10 20.14 24.45 0.55 NONE 0.00 0.70 
40.40 704 615 28.11 20.15 24.41 0.55 NONE 0.00 0.71 
40.50 704 615 28.11 20.14 24.41 0.55 NONE 0.00 0.71 
40.60 768 615 28.05 20.16 24.40 0.56 NONE 0.00 0.72 
40.70 768 615 28.11 20.17 24.38 0.56 NONE 0.00 0.72 
40.80 800 615 28.07 20.18 24.44 0.56 NONE 0.00 0.73 
40.90 800 615 28.03 20.21 24.41 0.56 NONE 0.00 0.73 
41.00 832 615 28.01 20.17 24.35 0.56 NONE 0.00 0.74 
41.10 864 615 28.03 20.18 24.38 0.56 NONE 0.00 0.74 
41.20 864 615 28.07 20.22 24.36 0.56 NONE 0.00 0.75 
41.30 864 615 28.02 20.22 24.40 0.56 NONE 0.00 0.75 
41.40 864 615 28.04 20.19 24.41 0.57 NONE 0.00 0.76 
41.50 864 615 28.06 20.23 24.42 0.57 NONE 0.00 0.76 
41.60 864 615 28.01 20.26 24.46 0.57 NONE 0.00 0.77 
41.70 864 615 27.99 20.29 24.43 0.57 NONE 0.00 0.77 
41.80 864 615 28.00 20.27 24.43 0.57 NONE 0.00 0.78 
41.90 896 615 27.98 20.28 24.46 0.57 NONE 0.00 0.78 
42.00 896 615 27.99 20.26 24.50 0.57 NONE 0.00 0.79 
42.10 896 615 27.96 20.30 24.50 0.57 NONE 0.00 0.80 
42.20 896 615 27.90 20.34 24.45 0.58 NONE 0.00 0.80 
42.30 896 615 27.88 20.34 24.42 0.58 NONE 0.00 0.81 
42.40 928 615 27.90 20.32 24.43 0.58 NONE 0.00 0.81 
42.50 928 615 27.89 20.32 24.44 0.58 NONE 0.00 0.82 
42.60 960 615 27.92 20.27 24.44 0.58 NONE 0.00 0.82 
42.70 960 615 27.94 20.22 24.42 0.58 NONE 0.00 0.83 
42.80 960 615 27.92 20.23 24.39 0.58 NONE 0.00 0.83 
42.90 992 615 27.95 20.21 24.41 0.59 NONE 0.00 0.84 
43.00 992 615 27.99 20.17 24.41 0.59 NONE 0.00 0.85 
43.10 992 615 27.94 20.23 24.43 0.59 NONE 0.00 0.85 
43.20 992 615 27.99 20.28 24.47 0.59 NONE 0.00 0.86 
43.30 992 615 27.98 20.23 24.45 0.59 NONE 0.00 0.86 
43.40 992 615 28.03 20.19 24.44 0.59 NONE 0.00 0.87 
43.50 992 615 28.05 20.27 24.41 0.59 NONE 0.00 0.88 
43.60 992 615 28.08 20.21 24.38 0.60 NONE 0.00 0.88 
43.70 992 615 28.07 20.22 24.46 0.60 NONE 0.00 0.89 
43.80 1024 615 28.05 20.19 24.50 0.60 NONE 0.00 0.89 
43.90 1024 615 28.03 20.22 24.47 0.60 NONE 0.00 0.90 
44.00 1024 615 28.02 20.17 24.49 0.60 NONE 0.00 0.91 
44.10 1024 615 28.06 20.19 24.53 0.60 NONE 0.00 0.91 
44.20 1024 615 28.07 20.22 24.51 0.60 NONE 0.00 0.92 
44.30 1024 615 28.12 20.22 24.54 0.60 NONE 0.00 0.93 
44.40 1024 615 28.14 20.22 24.57 0.61 NONE 0.00 0.93 
44.50 1024 615 28.12 20.22 24.61 0.61 NONE 0.00 0.94 
44.60 1056 615 28.07 20.22 24.60 0.61 NONE 0.00 0.95 
44.70 1056 615 28.11 20.25 24.58 0.61 NONE 0.00 0.95 
44.80 1088 615 28.06 20.25 24.53 0.61 NONE 0.00 0.96 
44.90 1088 615 28.06 20.23 24.50 0.61 NONE 0.00 0.97 
45.00 1152 615 28.04 20.22 24.53 0.61 NONE 0.00 0.97 
45.10 1152 615 28.06 20.21 24.54 0.62 NONE 0.00 0.98 
45.20 1152 615 28.10 20.19 24.55 0.62 NONE 0.00 0.99 
45.30 1184 615 28.09 20.13 24.53 0.62 NONE 0.00 0.99 
45.40 1216 615 28.14 20.17 24.58 0.62 NONE 0.00 1.00 
45.50 1248 615 28.23 20.17 24.69 0.49 NONE 0.00 0.50 
45.60 1248 615 28.22 20.19 24.77 0.49 NONE 0.00 0.51 
45.70 1248 615 28.16 20.17 24.85 0.50 NONE 0.00 0.51 
45.80 1248 615 28.11 20.19 24.85 0.50 NONE 0.00 0.51 
45.90 1248 615 28.08 20.28 24.87 0.50 NONE 0.00 0.52 
46.00 1248 615 28.03 20.26 24.90 0.50 NONE 0.00 0.52 
46.10 1248 615 28.00 20.36 24.92 0.50 NONE 0.00 0.52 
46.20 1248 615 28.07 20.39 24.88 0.50 NONE 0.00 0.53 
46.30 1248 615 28.00 20.39 24.91 0.50 NONE 0.00 0.53 
46.40 1248 615 28.01 20.38 24.88 0.50 NONE 0.00 0.54 
46.50 1248 615 27.97 20.44 24.88 0.51 NONE 0.00 0.54 
46.60 1248 615 27.98 20.50 24.89 0.51 NONE 0.00 0.54 
46.70 1248 615 27.96 20.49 24.92 0.51 NONE 0.00 0.55 
46.80 1248 615 27.94 20.52 24.86 0.51 NONE 0.00 0.55 
46.90 1248 615 27.95 20.52 24.80 0.51 NONE 0.00 0.55 
47.00 1248 615 27.98 20.47 24.79 0.51 NONE 0.00 0.56 
47.10 1248 615 28.07 20.53 24.78 0.51 NONE 0.00 0.56 
47.20 1248 615 28.13 20.54 24.82 0.51 NONE 0.00 0.57 
47.30 1248 615 28.11 20.58 24.82 0.51 NONE 0.00 0.57 
47.40 1248 615 28.10 20.53 24.77 0.52 NONE 0.00 0.57 
47.50 1248 615 28.16 20.53 24.76 0.52 NONE 0.00 0.58 
47.60 1248 615 28.13 20.56 24.71 0.52 NONE 0.00 0.58 
47.70 1248 615 28.10 20.56 24.63 0.52 NONE 0.00 0.59 
47.80 1280 615 28.03 20.54 24.65 0.52 NONE 0.00 0.59 
47.90 1280 615 28.04 20.55 24.65 0.52 NONE 0.00 0.59 
48.00 1280 615 28.06 20.56 24.63 0.52 NONE 0.00 0.60 
48.10 1280 615 28.06 20.61 24.69 0.52 NONE 0.00 0.60 
48.20 1280 615 28.07 20.56 24.68 0.53 NONE 0.00 0.61 
48.30 1280 615 28.08 20.56 24.68 0.53 NONE 0.00 0.61 
48.40 1280 615 28.12 20.58 24.72 0.53 NONE 0.00 0.62 
48.50 1280 615 28.16 20.57 24.71 0.53 NONE 0.00 0.62 
48.60 1280 615 28.13 20.58 24.70 0.53 NONE 0.00 0.62 
48.70 1280 615 28.19 20.56 24.66 0.53 NONE 0.00 0.63 
48.80 1280 615 28.16 20.59 24.70 0.53 NONE 0.00 0.63 
48.90 1280 615 28.17 20.57 24.69 0.53 NONE 0.00 0.64 
49.00 1280 615 28.15 20.59 24.67 0.54 NONE 0.00 0.64 
49.10 1280 615 28.27 20.56 24.71 0.54 NONE 0.00 0.65 
49.20 1280 615 28.29 20.54 24.72 0.54 NONE 0.00 0.65 
49.30 1280 615 28.29 20.56 24.73 0.54 NONE 0.00 0.66 
49.40 1280 615 28.25 20.56 24.69 0.54 NONE 0.00 0.66 
49.50 1280 615 28.23 20.57 24.71 0.54 NONE 0.00 0.66 
49.60 1280 615 28.30 20.52 24.78 0.54 NONE 0.00 0.67 
49.70 1280 615 28.30 20.47 24.77 0.54 NONE 0.00 0.67 
49.80 1280 615 28.27 20.51 24.74 0.55 NONE 0.00 0.68 
49.90 1280 615 28.33 20.56 24.75 0.55 NONE 0.00 0.68 
50.00 1280 615 28.32 20.56 24.79 0.55 NONE 0.00 0.69 
50.10 1280 615 28.36 20.57 24.77 0.55 NONE 0.00 0.69 
50.20 1344 615 28.34 20.60 24.83 0.55 NONE 0.00 0.70 
50.30 1344 615 28.39 20.61 24.86 0.55 NONE 0.00 0.70 
50.40 1408 615 28.37 20.58 24.81 0.55 NONE 0.00 0.71 
50.50 1408 615 28.48 20.56 24.77 0.55 NONE 0.00 0.71 
50.60 1536 615 28.44 20.53 24.77 0.56 NONE 0.00 0.72 
50.70 1536 615 28.47 20.59 24.75 0.56 NONE 0.00 0.72 
50.80 1600 615 28.53 20.62 24.73 0.56 NONE 0.00 0.73 
50.90 1600 615 28.55 20.70 24.75 0.56 NONE 0.00 0.73 
51.00 1664 615 28.57 20.68 24.74 0.56 NONE 0.00 0.74 
51.10 1728 615 28.55 20.73 24.73 0.56 NONE 0.00 0.74 
51.20 1728 615 28.55 20.79 24.73 0.56 NONE 0.00 0.75 
51.30 1728 615 28.56 20.77 24.72 0.56 NONE 0.00 0.75 
51.40 1728 615 28.47 20.77 24.64 0.57 NONE 0.00 0.76 
51.50 1728 615 28.35 20.80 24.63 0.57 NONE 0.00 0.76 
51.60 1728 615 28.34 20.81 24.63 0.57 NONE 0.00 0.77 
51.70 1728 615 28.41 20.83 24.67 0.57 NONE 0.00 0.77 
51.80 1729 615 28.38 20.85 24.65 0.57 NONE 0.00 0.78 
51.90 1793 615 28.42 20.84 24.61 0.57 NONE 0.00 0.78 
52.00 1793 615 28.43 20.83 24.60 0.57 NONE 0.00 0.79 
52.10 1793 615 28.48 20.87 24.59 0.57 NONE 0.00 0.80 
52.20 1793 615 28.52 20.87 24.62 0.58 NONE 0.00 0.80 
52.30 1793 615 28.52 20.84 24.52 0.58 NONE 0.00 0.81 
52.40 1857 615 28.54 20.83 24.54 0.58 NONE 0.00 0.81 
52.50 1857 615 28.57 20.90 24.50 0.58 NONE 0.00 0.82 
52.60 1921 615 28.54 20.89 24.48 0.58 NONE 0.00 0.82 
52.70 1921 615 28.57 20.90 24.54 0.58 NONE 0.00 0.83 
52.80 1921 615 28.60 20.90 24.54 0.58 NONE 0.00 0.83 
52.90 1984 615 28.62 20.85 24.54 0.59 NONE 0.00 0.84 
53.00 1984 615 28.62 20.83 24.51 0.59 NONE 0.00 0.85 
53.10 1984 615 28.63 20.82 24.52 0.59 NONE 0.00 0.85 
53.20 1984 615 28.63 20.81 24.55 0.59 NONE 0.00 0.86 
53.30 1984 615 28.64 20.80 24.48 0.59 NONE 0.00 0.86 
53.40 1984 615 28.67 20.81 24.54 0.59 NONE 0.00 0.87 
53.50 1984 615 28.62 20.81 24.49 0.59 NONE 0.00 0.88 
53.60 1984 615 28.60 20.87 24.53 0.60 NONE 0.00 0.88 
53.70 1984 615 28.59 20.90 24.53 0.60 NONE 0.00 0.89 
53.80 2048 615 28.52 20.93 24.48 0.60 NONE 0.00 0.89 
53.90 2048 615 28.61 20.94 24.51 0.60 NONE 0.00 0.90 
54.00 2048 615 28.60 20.96 24.50 0.60 NONE 0.00 0.91 
54.10 2048 615 28.59 21.02 24.49 0.60 NONE 0.00 0.91 
54.20 2048 615 28.60 21.05 24.45 0.60 NONE 0.00 0.92 
54.30 2048 615 28.62 21.05 24.51 0.60 NONE 0.00 0.93 
54.40 2048 615 28.61 21.05 24.52 0.61 NONE 0.00 0.93 
54.50 2048 615 28.67 21.08 24.54 0.61 NONE 0.00 0.94 
54.60 2112 615 28.61 21.12 24.51 0.61 NONE 0.00 0.95 
54.70 2112 615 28.58 21.10 24.46 0.61 NONE 0.00 0.95 
54.80 2176 615 28.56 21.07 24.46 0.61 NONE 0.00 0.96 
54.90 2176 615 28.55 21.07 24.42 0.61 NONE 0.00 0.97 
55.00 2304 615 28.55 21.11 24.44 0.61 NONE 0.00 0.97 
55.10 2304 615 28.56 21.14 24.42 0.62 NONE 0.00 0.98 
55.20 2304 615 28.61 21.09 24.45 0.62 NONE 0.00 0.99 
55.30 2368 615 28.59 21.04 24.47 0.62 NONE 0.00 0.99 
55.40 2432 615 28.61 21.03 24.45 0.62 NONE 0.00 1.00 
55.50 2496 615 28.54 21.01 24.50 0.49 NONE 0.00 0.50 
55.60 2496 615 28.48 20.98 24.55 0.49 NONE 0.00 0.51 
55.70 2496 615 28.45 20.97 24.52 0.50 NONE 0.00 0.51 
55.80 2496 615 28.43 20.98 24.50 0.50 NONE 0.00 0.51 
55.90 2496 615 28.43 20.97 24.42 0.50 NONE 0.00 0.52 
56.00 2496 615 28.40 20.94 24.42 0.50 NONE 0.00 0.52 
56.10 2496 615 28.33 20.89 24.38 0.50 NONE 0.00 0.52 
56.20 2496 615 28.34 20.89 24.37 0.50 NONE 0.00 0.53 
56.30 2496 615 28.32 20.90 24.43 0.50 NONE 0.00 0.53 
56.40 2496 615 28.32 20.85 24.38 0.50 NONE 0.00 0.54 
56.50 2496 615 28.37 20.87 24.36 0.51 NONE 0.00 0.54 
56.60 2496 615 28.45 20.86 24.41 0.51 NONE 0.00 0.54 
56.70 2496 615 28.36 20.84 24.40 0.51 NONE 0.00 0.55 
56.80 2497 615 28.37 20.81 24.40 0.51 NONE 0.00 0.55 
56.90 2497 615 28.39 20.81 24.37 0.51 NONE 0.00 0.55 
57.00 2497 615 28.41 20.79 24.46 0.51 NONE 0.00 0.56 
57.10 2497 615 28.39 20.84 24.47 0.51 NONE 0.00 0.56 
57.20 2497 615 28.41 20.84 24.46 0.51 NONE 0.00 0.57 
57.30 2497 615 28.48 20.82 24.45 0.51 NONE 0.00 0.57 
57.40 2497 615 28.44 20.77 24.45 0.52 NONE 0.00 0.57 
57.50 2497 615 28.46 20.81 24.47 0.52 NONE 0.00 0.58 
57.60 2497 615 28.45 20.77 24.51 0.52 NONE 0.00 0.58 
57.70 2497 615 28.44 20.81 24.47 0.52 NONE 0.00 0.59 
57.80 2561 615 28.46 20.80 24.38 0.52 NONE 0.00 0.59 
57.90 2561 615 28.46 20.78 24.43 0.52 NONE 0.00 0.59 
58.00 2561 615 28.45 20.78 24.42 0.52 NONE 0.00 0.60 
58.10 2561 615 28.45 20.85 24.41 0.52 NONE 0.00 0.60 
58.20 2561 615 28.42 20.86 24.38 0.53 NONE 0.00 0.61 
58.30 2561 615 28.42 20.84 24.41 0.53 NONE 0.00 0.61 
58.40 2561 615 28.38 20.82 24.41 0.53 NONE 0.00 0.62 
58.50 2561 615 28.41 20.80 24.42 0.53 NONE 0.00 0.62 
58.60 2561 615 28.45 20.77 24.39 0.53 NONE 0.00 0.62 
58.70 2561 615 28.46 20.80 24.40 0.53 NONE 0.00 0.63 
58.80 2561 615 28.44 20.78 24.40 0.53 NONE 0.00 0.63 
58.90 2561 615 28.40 20.71 24.44 0.53 NONE 0.00 0.64 
59.00 2561 615 28.41 20.66 24.44 0.54 NONE 0.00 0.64 
59.10 2561 615 28.46 20.71 24.43 0.54 NONE 0.00 0.65 
59.20 2561 615 28.50 20.72 24.43 0.54 NONE 0.00 0.65 
59.30 2561 615 28.50 20.74 24.49 0.54 NONE 0.00 0.66 
59.40 2561 615 28.46 20.72 24.50 0.54 NONE 0.00 0.66 
59.50 2561 615 28.47 20.72 24.52 0.54 NONE 0.00 0.66 
59.60 2561 615 28.48 20.72 24.51 0.54 NONE 0.00 0.67 
59.70 2561 615 28.45 20.75 24.49 0.54 NONE 0.00 0.67 
59.80 2561 615 28.45 20.75 24.46 0.55 NONE 0.00 0.68 
59.90 2561 615 28.49 20.76 24.46 0.55 NONE 0.00 0.68 
60.00 2561 615 28.55 20.70 24.47 0.55 NONE 0.00 0.69 
60.10 2561 615 28.58 20.60 24.47 0.55 NONE 0.00 0.69 
60.20 2689 615 28.59 20.63 24.46 0.55 NONE 0.00 0.70 
60.30 2689 615 28.53 20.69 24.49 0.55 NONE 0.00 0.70 
60.40 2817 615 28.54 20.69 24.47 0.55 NONE 0.00 0.71 
60.50 2817 615 28.62 20.66 24.53 0.55 NONE 0.00 0.71 
60.60 3073 615 28.62 20.65 24.54 0.56 NONE 0.00 0.72 
60.70 3073 615 28.64 20.68 24.55 0.56 NONE 0.00 0.72 
60.80 3201 615 28.62 20.70 24.50 0.56 NONE 0.00 0.73 
60.90 3201 615 28.58 20.69 24.56 0.56 NONE 0.00 0.73 
61.00 3329 615 28.61 20.65 24.57 0.56 NONE 0.00 0.74 
61.10 3457 615 28.61 20.68 24.56 0.56 NONE 0.00 0.74 
61.20 3457 615 28.67 20.73 24.52 0.56 NONE 0.00 0.75 
61.30 3457 615 28.67 20.77 24.52 0.56 NONE 0.00 0.75 
61.40 3457 615 28.69 20.78 24.53 0.57 NONE 0.00 0.76 
61.50 3457 615 28.76 20.78 24.53 0.57 NONE 0.00 0.76 
61.60 3457 615 28.80 20.82 24.56 0.57 NONE 0.00 0.77 
61.70 3458 615 28.77 20.81 24.54 0.57 NONE 0.00 0.77 
61.80 3459 615 28.76 20.80 24.56 0.57 NONE 0.00 0.78 
61.90 3587 615 28.76 20.85 24.57 0.57 NONE 0.00 0.78 
62.00 3587 615 28.82 20.82 24.56 0.57 NONE 0.00 0.79 
62.10 3587 615 28.82 20.89 24.55 0.57 NONE 0.00 0.80 
62.20 3587 615 28.84 20.84 24.52 0.58 NONE 0.00 0.80 
62.30 3587 615 28.86 20.87 24.61 0.58 NONE 0.00 0.81 
62.40 3715 615 28.86 20.88 24.59 0.58 NONE 0.00 0.81 
62.50 3715 615 28.86 20.87 24.58 0.58 NONE 0.00 0.82 
62.60 3843 615 28.92 20.90 24.54 0.58 NONE 0.00 0.82 
62.70 3843 615 28.96 20.95 24.55 0.58 NONE 0.00 0.83 
62.80 3843 615 28.95 21.00 24.55 0.58 NONE 0.00 0.83 
62.90 3969 615 28.91 21.04 24.57 0.59 NONE 0.00 0.84 
63.00 3969 615 28.97 20.99 24.58 0.59 NONE 0.00 0.85 
63.10 3969 615 29.03 20.99 24.62 0.59 NONE 0.00 0.85 
63.20 3969 615 28.98 21.04 24.61 0.59 NONE 0.00 0.86 
63.30 3969 615 29.03 21.05 24.62 0.59 NONE 0.00 0.86 
63.40 3969 615 29.03 20.98 24.61 0.59 NONE 0.00 0.87 
63.50 3969 615 29.01 20.99 24.59 0.59 NONE 0.00 0.88 
63.60 3969 615 29.03 21.03 24.60 0.60 NONE 0.00 0.88 
63.70 3969 615 29.04 21.03 24.61 0.60 NONE 0.00 0.89 
63.80 4097 615 28.99 21.01 24.67 0.60 NONE 0.00 0.89 
63.90 4097 615 28.95 21.00 24.65 0.60 NONE 0.00 0.90 
64.00 4097 615 28.94 20.99 24.61 0.60 NONE 0.00 0.91 
64.10 4097 615 28.99 21.00 24.55 0.60 NONE 0.00 0.91 
64.20 4097 615 28.98 21.11 24.57 0.60 NONE 0.00 0.92 
64.30 4097 615 28.98 21.12 24.57 0.60 NONE 0.00 0.93 
64.40 4097 615 28.98 21.12 24.56 0.61 NONE 0.00 0.93 
64.50 4097 615 29.00 21.07 24.59 0.61 NONE 0.00 0.94 
64.60 4225 615 28.99 21.09 24.65 0.61 NONE 0.00 0.95 
64.70 4225 615 29.01 21.10 24.67 0.61 NONE 0.00 0.95 
64.80 4353 615 28.99 21.08 24.72 0.61 NONE 0.00 0.96 
64.90 4353 615 29.06 21.12 24.70 0.61 NONE 0.00 0.97 
65.00 4609 615 29.06 21.11 24.75 0.61 NONE 0.00 0.97 
65.10 4609 615 29.02 21.13 24.76 0.62 NONE 0.00 0.98 
65.20 4609 615 29.03 21.12 24.74 0.62 NONE 0.00 0.99 
65.30 4737 615 29.09 21.14 24.72 0.62 NONE 0.00 0.99 
65.40 4865 615 29.08 21.18 24.73 0.62 NONE 0.00 1.00 
65.50 4993 615 28.94 21.20 24.78 0.49 NONE 0.00 0.50 
65.60 4993 615 28.91 21.26 24.73 0.49 NONE 0.00 0.51 
65.70 4993 615 28.87 21.28 24.77 0.50 NONE 0.00 0.51 
65.80 4993 615 28.85 21.29 24.81 0.50 NONE 0.00 0.51 
65.90 4993 615 28.82 21.32 24.82 0.50 NONE 0.00 0.52 
66.00 4993 615 28.80 21.36 24.81 0.50 NONE 0.00 0.52 
66.10 4993 615 28.88 21.44 24.86 0.50 NONE 0.00 0.52 
66.20 4993 615 28.86 21.44 24.85 0.50 NONE 0.00 0.53 
66.30 4993 615 28.87 21.48 24.86 0.50 NONE 0.00 0.53 
66.40 4993 615 28.88 21.39 24.86 0.50 NONE 0.00 0.54 
66.50 4993 615 28.83 21.44 24.88 0.51 NONE 0.00 0.54 
66.60 4993 615 28.89 21.46 24.92 0.51 NONE 0.00 0.54 
66.70 4994 615 28.90 21.44 24.94 0.51 NONE 0.00 0.55 
66.80 4995 615 28.86 21.40 25.02 0.51 NONE 0.00 0.55 
66.90 4995 615 28.84 21.49 25.04 0.51 NONE 0.00 0.55 
67.00 4995 615 28.91 21.38 25.09 0.51 NONE 0.00 0.56 
67.10 4995 615 28.92 21.43 25.12 0.51 NONE 0.00 0.56 
67.20 4995 615 28.87 21.43 25.07 0.51 NONE 0.00 0.57 
67.30 4995 615 28.93 21.46 25.07 0.51 NONE 0.00 0.57 
67.40 4995 615 28.89 21.49 25.05 0.52 NONE 0.00 0.57 
67.50 4995 615 28.86 21.46 25.07 0.52 NONE 0.00 0.58 
67.60 4995 615 28.92 21.42 25.08 0.52 NONE 0.00 0.58 
67.70 4995 615 28.96 21.39 25.04 0.52 NONE 0.00 0.59 
67.80 5123 615 28.93 21.49 25.07 0.52 NONE 0.00 0.59 
67.90 5123 615 28.97 21.44 25.04 0.52 NONE 0.00 0.59 
68.00 5123 615 28.97 21.41 25.04 0.52 NONE 0.00 0.60 
68.10 5123 615 28.87 21.46 25.08 0.52 NONE 0.00 0.60 
68.20 5123 615 28.95 21.45 25.12 0.53 NONE 0.00 0.61 
68.30 5123 615 28.95 21.41 25.17 0.53 NONE 0.00 0.61 
68.40 5123 615 28.97 21.44 25.06 0.53 NONE 0.00 0.62 
68.50 5123 615 28.92 21.42 25.06 0.53 NONE 0.00 0.62 
68.60 5123 615 28.90 21.46 25.07 0.53 NONE 0.00 0.62 
68.70 5123 615 28.88 21.42 25.13 0.53 NONE 0.00 0.63 
68.80 5123 615 28.99 21.44 25.15 0.53 NONE 0.00 0.63 
68.90 5123 615 28.98 21.47 25.19 0.53 NONE 0.00 0.64 
69.00 5123 615 29.00 21.49 25.03 0.54 NONE 0.00 0.64 
69.10 5123 615 29.02 21.45 25.12 0.54 NONE 0.00 0.65 
69.20 5123 615 29.01 21.44 25.16 0.54 NONE 0.00 0.65 
69.30 5123 615 29.01 21.48 25.14 0.54 NONE 0.00 0.66 
69.40 5123 615 28.98 21.47 25.16 0.54 NONE 0.00 0.66 
69.50 5123 615 29.07 21.45 25.14 0.54 NONE 0.00 0.66 
69.60 5123 615 29.13 21.44 25.13 0.54 NONE 0.00 0.67 
69.70 5123 615 29.13 21.46 25.12 0.54 NONE 0.00 0.67 
69.80 5123 615 29.07 21.44 25.12 0.55 NONE 0.00 0.68 
69.90 5123 615 29.10 21.45 25.15 0.55 NONE 0.00 0.68 
70.00 5123 615 29.05 21.53 25.10 0.55 NONE 0.00 0.69 
70.10 5123 615 28.98 21.49 25.15 0.55 NONE 0.00 0.69 
70.20 5379 615 29.03 21.55 25.11 0.55 NONE 0.00 0.70 
70.30 5379 615 29.03 21.48 25.13 0.55 NONE 0.00 0.70 
70.40 5635 615 29.06 21.52 25.14 0.55 NONE 0.00 0.71 
70.50 5635 615 29.06 21.47 25.16 0.55 NONE 0.00 0.71 
70.60 6147 615 29.08 21.53 25.13 0.56 NONE 0.00 0.72 
70.70 6147 615 29.07 21.53 25.16 0.56 NONE 0.00 0.72 
70.80 6403 615 29.07 21.58 25.20 0.56 NONE 0.00 0.73 
70.90 6403 615 29.05 21.57 25.20 0.56 NONE 0.00 0.73 
71.00 6659 615 29.12 21.57 25.25 0.56 NONE 0.00 0.74 
71.10 6915 615 29.10 21.54 25.24 0.56 NONE 0.00 0.74 
71.20 6915 615 29.15 21.55 25.26 0.56 NONE 0.00 0.75 
71.30 6915 615 29.19 21.55 25.25 0.56 NONE 0.00 0.75 
71.40 6915 615 29.26 21.54 25.20 0.57 NONE 0.00 0.76 
71.50 6915 615 29.31 21.56 25.17 0.57 NONE 0.00 0.76 
71.60 6915 615 29.29 21.64 25.22 0.57 NONE 0.00 0.77 
71.70 6918 615 29.27 21.73 25.24 0.57 NONE 0.00 0.77 
71.80 6919 615 29.32 21.67 25.18 0.57 NONE 0.00 0.78 
71.90 7175 615 29.31 21.63 25.27 0.57 NONE 0.00 0.78 
72.00 7175 615 29.33 21.61 25.11 0.57 NONE 0.00 0.79 
72.10 7175 615 29.35 21.59 25.19 0.57 NONE 0.00 0.80 
72.20 7175 615 29.38 21.63 25.23 0.58 NONE 0.00 0.80 
72.30 7175 615 29.40 21.62 25.15 0.58 NONE 0.00 0.81 
72.40 7431 615 29.45 21.60 25.20 0.58 NONE 0.00 0.81 
72.50 7431 615 29.45 21.61 25.27 0.58 NONE 0.00 0.82 
72.60 7687 615 29.44 21.63 25.23 0.58 NONE 0.00 0.82 
72.70 7687 615 29.45 21.59 25.21 0.58 NONE 0.00 0.83 
72.80 7687 615 29.49 21.57 25.23 0.58 NONE 0.00 0.83 
72.90 7939 615 29.47 21.60 25.15 0.59 NONE 0.00 0.84 
73.00 7939 615 29.52 21.61 25.23 0.59 NONE 0.00 0.85 
73.10 7939 615 29.54 21.59 25.26 0.59 NONE 0.00 0.85 
73.20 7939 615 29.52 21.64 25.22 0.59 NONE 0.00 0.86 
73.30 7939 615 29.47 21.64 25.20 0.59 NONE 0.00 0.86 
73.40 7939 615 29.51 21.64 25.21 0.59 NONE 0.00 0.87 
73.50 7939 615 29.56 21.68 25.15 0.59 NONE 0.00 0.88 
73.60 7939 615 29.53 21.68 25.15 0.60 NONE 0.00 0.88 
73.70 7939 615 29.53 21.69 25.25 0.60 NONE 0.00 0.89 
73.80 8195 615 29.53 21.65 25.19 0.60 NONE 0.00 0.89 
73.90 8195 615 29.47 21.69 25.20 0.60 NONE 0.00 0.90 
74.00 8195 615 29.50 21.70 25.19 0.60 NONE 0.00 0.91 
74.10 8195 615 29.62 21.74 25.19 0.60 NONE 0.00 0.91 
74.20 8195 615 29.59 21.69 25.22 0.60 NONE 0.00 0.92 
74.30 8195 615 29.61 21.71 25.25 0.60 NONE 0.00 0.93 
74.40 8195 615 29.63 21.74 25.27 0.61 NONE 0.00 0.93 
74.50 8195 615 29.61 21.69 25.23 0.61 NONE 0.00 0.94 
74.60 8451 615 29.56 21.68 25.23 0.61 NONE 0.00 0.95 
74.70 8451 615 29.63 21.68 25.17 0.61 NONE 0.00 0.95 
74.80 8707 615 29.64 21.74 25.30 0.61 NONE 0.00 0.96 
74.90 8707 615 29.67 21.66 25.26 0.61 NONE 0.00 0.97 
75.00 9219 615 29.69 21.69 25.21 0.61 NONE 0.00 0.97 
75.10 9219 615 29.72 21.63 25.27 0.62 NONE 0.00 0.98 
75.20 9219 615 29.72 21.65 25.22 0.62 NONE 0.00 0.99 
75.30 9475 615 29.76 21.66 25.22 0.62 NONE 0.00 0.99 
75.40 9731 615 29.78 21.67 25.23 0.62 NONE 0.00 1.00 
75.50 9987 615 29.77 21.60 25.15 0.49 NONE 0.00 0.50 
75.60 9987 615 29.77 21.62 25.07 0.49 NONE 0.00 0.51 
75.70 9987 615 29.79 21.60 25.05 0.50 NONE 0.00 0.51 
75.80 9987 615 29.77 21.62 25.02 0.50 NONE 0.00 0.51 
75.90 9987 615 29.79 21.62 25.01 0.50 NONE 0.00 0.52 
76.00 9987 615 29.77 21.73 24.99 0.50 NONE 0.00 0.52 
76.10 9987 615 29.78 21.68 24.92 0.50 NONE 0.00 0.52 
76.20 9987 615 29.75 21.65 24.93 0.50 NONE 0.00 0.53 
76.30 9987 615 29.78 21.61 24.92 0.50 NONE 0.00 0.53 
76.40 9987 615 29.87 21.70 24.93 0.50 NONE 0.00 0.54 
76.50 9987 615 29.85 21.71 24.93 0.51 NONE 0.00 0.54 
76.60 9987 615 29.93 21.68 24.89 0.51 NONE 0.00 0.54 
76.70 9990 615 29.90 21.73 24.88 0.51 NONE 0.00 0.55 
76.80 9991 615 29.91 21.77 24.85 0.51 NONE 0.00 0.55 
76.90 9991 615 29.87 21.80 24.84 0.51 NONE 0.00 0.55 
77.00 9991 615 30.00 21.82 24.84 0.51 NONE 0.00 0.56 
77.10 9991 615 29.96 21.86 24.86 0.51 NONE 0.00 0.56 
77.20 9991 615 29.92 21.80 24.88 0.51 NONE 0.00 0.57 
77.30 9991 615 29.88 21.82 24.87 0.51 NONE 0.00 0.57 
77.40 9991 615 29.92 21.83 24.83 0.52 NONE 0.00 0.57 
77.50 9991 615 29.90 21.83 24.87 0.52 NONE 0.00 0.58 
77.60 9991 615 29.98 21.79 24.86 0.52 NONE 0.00 0.58 
77.70 9991 615 30.01 21.79 24.82 0.52 NONE 0.00 0.59 
77.80 10247 615 30.09 21.80 24.89 0.52 NONE 0.00 0.59 
77.90 10247 615 30.05 21.82 24.86 0.52 NONE 0.00 0.59 
78.00 10247 615 30.04 21.86 24.81 0.52 NONE 0.00 0.60 
78.10 10247 615 30.05 21.83 24.81 0.52 NONE 0.00 0.60 
78.20 10247 615 30.14 21.78 24.78 0.53 NONE 0.00 0.61 
78.30 10247 615 30.06 21.74 24.85 0.53 NONE 0.00 0.61 
78.40 10247 615 30.08 21.78 24.80 0.53 NONE 0.00 0.62 
78.50 10247 615 30.08 21.73 24.81 0.53 NONE 0.00 0.62 
78.60 10247 615 30.05 21.79 24.83 0.53 NONE 0.00 0.62 
78.70 10247 615 30.08 21.81 24.81 0.53 NONE 0.00 0.63 
78.80 10247 615 30.07 21.80 24.83 0.53 NONE 0.00 0.63 
78.90 10247 615 30.10 21.86 24.84 0.53 NONE 0.00 0.64 
79.00 10247 615 30.04 21.83 24.89 0.54 NONE 0.00 0.64 
79.10 10247 615 30.10 21.92 24.82 0.54 NONE 0.00 0.65 
79.20 10247 615 30.08 21.86 24.84 0.54 NONE 0.00 0.65 
79.30 10247 615 30.06 21.81 24.86 0.54 NONE 0.00 0.66 
79.40 10247 615 30.11 21.80 24.84 0.54 NONE 0.00 0.66 
79.50 10247 615 30.15 21.77 24.88 0.54 NONE 0.00 0.66 
79.60 10247 615 30.12 21.82 24.88 0.54 NONE 0.00 0.67 
79.70 10247 615 30.12 21.76 24.87 0.54 NONE 0.00 0.67 
79.80 10247 615 30.05 21.86 24.94 0.55 NONE 0.00 0.68 
79.90 10247 615 30.10 21.97 24.90 0.55 NONE 0.00 0.68 
80.00 10247 615 30.12 21.92 24.89 0.55 NONE 0.00 0.69 
80.10 10247 615 30.16 21.93 24.84 0.55 NONE 0.00 0.69 
80.20 10759 615 30.24 21.88 24.91 0.55 NONE 0.00 0.70 
80.30 10759 615 30.17 21.93 24.86 0.55 NONE 0.00 0.70 
80.40 11271 615 30.21 21.90 24.92 0.55 NONE 0.00 0.71 
80.50 11271 615 30.21 21.95 24.89 0.55 NONE 0.00 0.71 
80.60 12295 615 30.25 21.89 24.93 0.56 NONE 0.00 0.72 
80.70 12295 615 30.27 21.94 24.92 0.56 NONE 0.00 0.72 
80.80 12807 615 30.27 21.95 24.92 0.56 NONE 0.00 0.73 
80.90 12807 615 30.30 21.94 24.87 0.56 NONE 0.00 0.73 
81.00 13319 615 30.33 21.95 24.96 0.56 NONE 0.00 0.74 
81.10 13831 615 30.33 21.93 24.87 0.56 NONE 0.00 0.74 
81.20 13831 615 30.34 21.94 24.88 0.56 NONE 0.00 0.75 
81.30 13831 615 30.36 21.96 24.87 0.56 NONE 0.00 0.75 
81.40 13831 615 30.36 21.93 24.94 0.57 NONE 0.00 0.76 
81.50 13831 615 30.32 21.95 24.88 0.57 NONE 0.00 0.76 
81.60 13831 615 30.41 21.94 24.88 0.57 NONE 0.00 0.77 
81.70 13838 615 30.36 21.99 24.95 0.57 NONE 0.00 0.77 
81.80 13839 615 30.32 21.98 24.96 0.57 NONE 0.00 0.78 
81.90 14351 615 30.31 21.97 24.95 0.57 NONE 0.00 0.78 
82.00 14351 615 30.30 22.02 25.01 0.57 NONE 0.00 0.79 
82.10 14351 615 30.38 22.01 24.98 0.57 NONE 0.00 0.80 
82.20 14351 615 30.41 22.02 24.97 0.58 NONE 0.00 0.80 
82.30 14351 615 30.42 22.00 24.98 0.58 NONE 0.00 0.81 
82.40 14863 615 30.45 22.07 25.03 0.58 NONE 0.00 0.81 
82.50 14863 615 30.46 22.03 24.97 0.58 NONE 0.00 0.82 
82.60 15375 615 30.45 22.05 24.95 0.58 NONE 0.00 0.82 
82.70 15375 615 30.48 22.04 24.98 0.58 NONE 0.00 0.83 
82.80 15375 615 30.50 22.00 24.90 0.58 NONE 0.00 0.83 
82.90 15879 615 30.56 22.01 24.95 0.59 NONE 0.00 0.84 
83.00 15879 615 30.55 22.02 24.96 0.59 NONE 0.00 0.85 
83.10 15879 615 30.53 22.00 24.97 0.59 NONE 0.00 0.85 
83.20 15879 615 30.55 22.02 24.85 0.59 NONE 0.00 0.86 
83.30 15879 615 30.57 22.07 24.99 0.59 NONE 0.00 0.86 
83.40 15879 615 30.55 22.10 24.93 0.59 NONE 0.00 0.87 
83.50 15879 615 30.57 22.05 24.94 0.59 NONE 0.00 0.88 
83.60 15879 615 30.54 22.09 24.96 0.60 NONE 0.00 0.88 
83.70 15879 615 30.62 22.02 24.99 0.60 NONE 0.00 0.89 
83.80 16391 615 30.66 22.07 24.97 0.60 NONE 0.00 0.89 
83.90 16391 615 30.61 21.99 25.05 0.60 NONE 0.00 0.90 
84.00 16391 615 30.60 22.05 25.00 0.60 NONE 0.00 0.91 
84.10 16391 615 30.62 22.01 25.03 0.60 NONE 0.00 0.91 
84.20 16391 615 30.68 22.03 24.95 0.60 NONE 0.00 0.92 
84.30 16391 615 30.68 22.06 25.01 0.60 NONE 0.00 0.93 
84.40 16391 615 30.66 22.09 25.02 0.61 NONE 0.00 0.93 
84.50 16391 615 30.68 22.06 24.97 0.61 NONE 0.00 0.94 
84.60 16903 615 30.78 22.08 24.96 0.61 NONE 0.00 0.95 
84.70 16903 615 30.83 22.08 24.95 0.61 NONE 0.00 0.95 
84.80 17415 615 30.83 22.12 24.87 0.61 NONE 0.00 0.96 
84.90 17415 615 30.90 22.15 24.92 0.61 NONE 0.00 0.97 
85.00 18439 615 30.87 22.14 24.90 0.61 NONE 0.00 0.97 
85.10 18439 615 30.89 22.13 24.89 0.62 NONE 0.00 0.98 
85.20 18439 615 30.90 22.17 24.92 0.62 NONE 0.00 0.99 
85.30 18951 615 30.90 22.08 24.89 0.62 NONE 0.00 0.99 
85.40 19463 615 30.93 22.14 24.89 0.62 NONE 0.00 1.00 
85.50 19975 615 30.97 22.20 24.90 0.49 NONE 0.00 0.50 
85.60 19975 615 30.98 22.19 24.92 0.49 NONE 0.00 0.51 
85.70 19975 615 31.04 22.20 24.96 0.50 NONE 0.00 0.51 
85.80 19975 615 31.06 22.20 25.00 0.50 NONE 0.00 0.51 
85.90 19975 615 31.10 22.22 24.98 0.50 NONE 0.00 0.52 
86.00 19975 615 31.11 22.25 24.93 0.50 NONE 0.00 0.52 
86.10 19975 615 31.07 22.24 24.88 0.50 NONE 0.00 0.52 
86.20 19975 615 31.07 22.19 24.88 0.50 NONE 0.00 0.53 
86.30 19975 615 31.09 22.14 24.91 0.50 NONE 0.00 0.53 
86.40 19975 615 31.23 22.20 24.95 0.50 NONE 0.00 0.54 
86.50 19975 615 31.14 22.20 24.96 0.51 NONE 0.00 0.54 
86.60 19975 615 31.08 22.26 25.02 0.51 NONE 0.00 0.54 
86.70 19982 615 31.19 22.25 25.05 0.51 NONE 0.00 0.55 
86.80 19983 615 31.12 22.22 25.05 0.51 NONE 0.00 0.55 
86.90 19983 615 31.12 22.17 25.03 0.51 NONE 0.00 0.55 
87.00 19983 615 31.11 22.20 25.00 0.51 NONE 0.00 0.56 
87.10 19983 615 31.17 22.27 25.05 0.51 NONE 0.00 0.56 
87.20 19983 615 31.18 22.17 25.08 0.51 NONE 0.00 0.57 
87.30 19983 615 31.18 22.25 25.11 0.51 NONE 0.00 0.57 
87.40 19983 615 31.24 22.20 25.08 0.52 NONE 0.00 0.57 
87.50 19983 615 31.26 22.18 25.03 0.52 NONE 0.00 0.58 
87.60 19983 615 31.21 22.17 24.94 0.52 NONE 0.00 0.58 
87.70 19983 615 31.24 22.15 24.98 0.52 NONE 0.00 0.59 
87.80 20495 615 31.24 22.18 24.97 0.52 NONE 0.00 0.59 
87.90 20495 615 31.23 22.20 24.99 0.52 NONE 0.00 0.59 
88.00 20495 615 31.28 22.20 24.99 0.52 NONE 0.00 0.60 
88.10 20495 615 31.26 22.20 25.06 0.52 NONE 0.00 0.60 
88.20 20495 615 31.30 22.19 25.03 0.53 NONE 0.00 0.61 
88.30 20495 615 31.26 22.17 25.05 0.53 NONE 0.00 0.61 
88.40 20495 615 31.35 22.25 25.03 0.53 NONE 0.00 0.62 
88.50 20495 615 31.33 22.26 25.05 0.53 NONE 0.00 0.62 
88.60 20495 615 31.28 22.21 25.12 0.53 NONE 0.00 0.62 
88.70 20495 615 31.35 22.28 25.09 0.53 NONE 0.00 0.63 
88.80 20495 615 31.31 22.22 25.10 0.53 NONE 0.00 0.63 
88.90 20495 615 31.43 22.24 25.12 0.53 NONE 0.00 0.64 
89.00 20495 615 31.38 22.35 25.12 0.54 NONE 0.00 0.64 
89.10 20495 615 31.39 22.35 25.11 0.54 NONE 0.00 0.65 
89.20 20495 615 31.38 22.28 25.15 0.54 NONE 0.00 0.65 
89.30 20495 615 31.44 22.27 25.19 0.54 NONE 0.00 0.66 
89.40 20495 615 31.44 22.32 25.15 0.54 NONE 0.00 0.66 
89.50 20495 615 31.42 22.24 25.14 0.54 NONE 0.00 0.66 
89.60 20495 615 31.46 22.20 25.15 0.54 NONE 0.00 0.67 
89.70 20495 615 31.49 22.22 25.11 0.54 NONE 0.00 0.67 
89.80 20495 615 31.59 22.22 25.21 0.55 NONE 0.00 0.68 
89.90 20495 615 31.56 22.22 25.11 0.55 NONE 0.00 0.68 
90.00 20495 615 31.55 22.18 25.10 0.55 NONE 0.00 0.69 
90.10 20495 615 31.59 22.21 25.16 0.55 NONE 0.00 0.69 
90.20 21519 615 31.55 22.21 25.05 0.55 NONE 0.00 0.70 
90.30 21519 615 31.58 22.25 25.07 0.55 NONE 0.00 0.70 
90.40 22543 615 31.49 22.17 25.09 0.55 NONE 0.00 0.71 
90.50 22543 615 31.55 22.25 25.09 0.55 NONE 0.00 0.71 
90.60 24591 615 31.58 22.22 25.13 0.56 NONE 0.00 0.72 
90.70 24591 615 31.60 22.24 25.09 0.56 NONE 0.00 0.72 
90.80 25615 615 31.62 22.21 25.12 0.56 NONE 0.00 0.73 
90.90 25615 615 31.68 22.30 25.14 0.56 NONE 0.00 0.73 
91.00 26639 615 31.68 22.22 25.16 0.56 NONE 0.00 0.74 
91.10 27663 615 31.65 22.22 25.17 0.56 NONE 0.00 0.74 
91.20 27663 615 31.64 22.26 25.20 0.56 NONE 0.00 0.75 
91.30 27663 615 31.62 22.31 25.22 0.56 NONE 0.00 0.75 
91.40 27663 615 31.68 22.29 25.24 0.57 NONE 0.00 0.76 
91.50 27663 615 31.64 22.24 25.12 0.57 NONE 0.00 0.76 
91.60 27663 615 31.68 22.25 25.19 0.57 NONE 0.00 0.77 
91.70 27678 615 31.68 22.26 25.14 0.57 NONE 0.00 0.77 
91.80 27679 615 31.75 22.26 25.20 0.57 NONE 0.00 0.78 
91.90 28703 615 31.72 22.26 25.19 0.57 NONE 0.00 0.78 
92.00 28703 615 31.73 22.29 25.27 0.57 NONE 0.00 0.79 
92.10 28703 615 31.75 22.30 25.20 0.57 NONE 0.00 0.80 
92.20 28703 615 31.75 22.29 25.23 0.58 NONE 0.00 0.80 
92.30 28703 615 31.77 22.25 25.32 0.58 NONE 0.00 0.81 
92.40 29727 615 31.77 22.32 25.24 0.58 NONE 0.00 0.81 
92.50 29727 615 31.79 22.31 25.28 0.58 NONE 0.00 0.82 
92.60 30751 615 31.81 22.28 25.25 0.58 NONE 0.00 0.82 
92.70 30751 615 31.83 22.30 25.32 0.58 NONE 0.00 0.83 
92.80 30751 615 31.91 22.27 25.28 0.58 NONE 0.00 0.83 
92.90 31759 615 31.83 22.25 25.33 0.59 NONE 0.00 0.84 
93.00 31759 615 31.89 22.29 25.27 0.59 NONE 0.00 0.85 
93.10 31759 615 31.84 22.33 25.29 0.59 NONE 0.00 0.85 
93.20 31759 615 31.90 22.33 25.25 0.59 NONE 0.00 0.86 
93.30 31759 615 31.82 22.35 25.30 0.59 NONE 0.00 0.86 
93.40 31759 615 31.85 22.29 25.31 0.59 NONE 0.00 0.87 
93.50 31759 615 31.92 22.37 25.30 0.59 NONE 0.00 0.88 
93.60 31759 615 31.90 22.27 25.34 0.60 NONE 0.00 0.88 
93.70 31759 615 31.97 22.33 25.34 0.60 NONE 0.00 0.89 
93.80 32783 615 31.96 22.22 25.30 0.60 NONE 0.00 0.89 
93.90 32783 615 31.96 22.30 25.36 0.60 NONE 0.00 0.90 
94.00 32783 615 32.05 22.31 25.32 0.60 NONE 0.00 0.91 
94.10 32783 615 31.99 22.36 25.32 0.60 NONE 0.00 0.91 
94.20 32783 615 31.99 22.28 25.30 0.60 NONE 0.00 0.92 
94.30 32783 615 31.98 22.29 25.30 0.60 NONE 0.00 0.93 
94.40 32783 615 31.96 22.27 25.38 0.61 NONE 0.00 0.93 
94.50 32783 615 32.00 22.24 25.28 0.61 NONE 0.00 0.94 
94.60 33807 615 32.04 22.24 25.29 0.61 NONE 0.00 0.95 
94.70 33807 615 31.97 22.31 25.27 0.61 NONE 0.00 0.95 
94.80 34831 615 32.06 22.27 25.36 0.61 NONE 0.00 0.96 
94.90 34831 615 32.04 22.25 25.35 0.61 NONE 0.00 0.97 
95.00 36879 615 32.10 22.28 25.32 0.61 NONE 0.00 0.97 
95.10 36879 615 32.11 22.33 25.33 0.62 NONE 0.00 0.98 
95.20 36879 615 32.10 22.29 25.34 0.62 NONE 0.00 0.99 
95.30 37903 615 32.12 22.31 25.36 0.62 NONE 0.00 0.99 
95.40 38927 615 32.13 22.30 25.39 0.62 NONE 0.00 1.00 
95.50 39951 615 32.08 22.30 25.42 0.49 NONE 0.00 0.50 
95.60 39951 615 32.04 22.17 25.45 0.49 NONE 0.00 0.51 
95.70 39951 615 32.05 22.13 25.41 0.50 NONE 0.00 0.51 
95.80 39951 615 32.07 22.17 25.43 0.50 NONE 0.00 0.51 
95.90 39951 615 32.11 22.15 25.45 0.50 NONE 0.00 0.52 
96.00 39951 615 32.13 22.13 25.42 0.50 NONE 0.00 0.52 
96.10 39951 615 32.15 22.10 25.41 0.50 NONE 0.00 0.52 
96.20 39951 615 32.20 22.04 25.48 0.50 NONE 0.00 0.53 
96.30 39951 615 32.20 22.09 25.42 0.50 NONE 0.00 0.53 
96.40 39951 615 32.19 22.05 25.41 0.50 NONE 0.00 0.54 
96.50 39951 615 32.27 22.11 25.32 0.51 NONE 0.00 0.54 
96.60 39951 615 32.25 22.12 25.33 0.51 NONE 0.00 0.54 
96.70 39966 615 32.29 22.06 25.37 0.51 NONE 0.00 0.55 
96.80 39967 615 32.26 22.09 25.41 0.51 NONE 0.00 0.55 
96.90 39967 615 32.27 22.08 25.40 0.51 NONE 0.00 0.55 
97.00 39967 615 32.37 22.16 25.45 0.51 NONE 0.00 0.56 
97.10 39967 615 32.36 22.12 25.45 0.51 NONE 0.00 0.56 
97.20 39967 615 32.38 22.12 25.48 0.51 NONE 0.00 0.57 
97.30 39967 615 32.45 22.05 25.47 0.51 NONE 0.00 0.57 
97.40 39967 615 32.47 22.15 25.46 0.52 NONE 0.00 0.57 
97.50 39967 615 32.45 22.21 25.52 0.52 NONE 0.00 0.58 
97.60 39967 615 32.47 22.19 25.54 0.52 NONE 0.00 0.58 
97.70 39967 615 32.52 22.16 25.54 0.52 NONE 0.00 0.59 
97.80 40991 615 32.53 22.18 25.51 0.52 NONE 0.00 0.59 
97.90 40991 615 32.51 22.16 25.54 0.52 NONE 0.00 0.59 
98.00 40991 615 32.48 22.15 25.50 0.52 NONE 0.00 0.60 
98.10 40991 615 32.44 22.03 25.53 0.52 NONE 0.00 0.60 
98.20 40991 615 32.49 22.11 25.46 0.53 NONE 0.00 0.61 
98.30 40991 615 32.46 21.96 25.56 0.53 NONE 0.00 0.61 
98.40 40991 615 32.45 22.02 25.49 0.53 NONE 0.00 0.62 
98.50 40991 615 32.43 21.98 25.53 0.53 NONE 0.00 0.62 
98.60 40991 615 32.51 21.99 25.48 0.53 NONE 0.00 0.62 
98.70 40991 615 32.45 21.96 25.50 0.53 NONE 0.00 0.63 
98.80 40991 615 32.51 22.03 25.49 0.53 NONE 0.00 0.63 
98.90 40991 615 32.53 21.95 25.53 0.53 NONE 0.00 0.64 
99.00 40991 615 32.63 21.99 25.57 0.54 NONE 0.00 0.64 
99.10 40991 615 32.52 21.99 25.52 0.54 NONE 0.00 0.65 
99.20 40991 615 32.62 21.98 25.57 0.54 NONE 0.00 0.65 
99.30 40991 615 32.56 22.11 25.54 0.54 NONE 0.00 0.66 
99.40 40991 615 32.73 22.05 25.66 0.54 NONE 0.00 0.66 
99.50 40991 615 32.71 22.08 25.66 0.54 NONE 0.00 0.66 
99.60 40991 615 32.76 22.00 25.67 0.54 NONE 0.00 0.67 
99.70 40991 615 32.72 22.12 25.64 0.54 NONE 0.00 0.67 
99.80 40991 615 32.79 22.10 25.67 0.55 NONE 0.00 0.68 
99.90 40991 615 32.78 22.19 25.53 0.55 NONE 0.00 0.68 
100.00 40991 615 32.83 22.07 25.61 0.55 NONE 0.00 0.69 
