3	16	17.200000
6	17	23.900000
16	18	28.700000
6	19	32.600000
11	20	50.000000
12	21	55.700000
15	22	63.400000
10	23	74.400000
12	24	82.500000
8	25	83.800000
22	26	93.800000
17	27	97.800000
12	28	97.900000
3	16	17.200000
6	17	23.900000
16	18	28.700000
6	19	32.600000
11	20	50.000000
12	21	55.700000
15	22	63.400000
10	23	74.400000
12	24	82.500000
8	25	83.800000
22	26	93.800000
17	27	97.800000
12	28	97.900000
3	16	17.200000
6	17	23.900000
16	18	28.700000
6	19	32.600000
11	20	50.000000
12	21	55.700000
15	22	63.400000
10	23	74.400000
12	24	82.500000
8	25	83.800000
22	26	93.800000
17	27	97.800000
12	28	97.900000
3	16	17.200000
6	17	23.900000
16	18	28.700000
6	19	32.600000
11	20	50.000000
12	21	55.700000
15	22	63.400000
10	23	74.400000
12	24	82.500000
8	25	83.800000
22	26	93.800000
17	27	97.800000
12	28	97.900000
1	16	62.300000
4	17	69.000000
16	18	73.200000
2	19	90.000000
17	20	93.200000
1	16	62.300000
4	17	69.000000
16	18	73.200000
2	19	90.000000
17	20	93.200000
1	16	62.300000
4	17	69.000000
16	18	73.200000
2	19	90.000000
17	20	93.200000
1	16	62.300000
4	17	69.000000
16	18	73.200000
2	19	90.000000
17	20	93.200000
1	16	62.300000
4	17	69.000000
16	18	73.200000
2	19	90.000000
17	20	93.200000
1	16	62.300000
4	17	69.000000
16	18	73.200000
2	19	90.000000
17	20	93.200000
1	16	62.300000
4	17	69.000000
3	16	17.200000
6	17	23.900000
16	18	28.700000
6	19	32.600000
11	20	50.000000
12	21	55.700000
15	22	63.400000
10	23	74.400000
12	24	82.500000
8	25	83.800000
22	26	93.800000
17	27	97.800000
12	28	97.900000
3	16	17.200000
6	17	23.900000
16	18	28.700000
6	19	32.600000
11	20	50.000000
12	21	55.700000
15	22	63.400000
10	23	74.400000
12	24	82.500000
8	25	83.800000
22	26	93.800000
17	27	97.800000
12	28	97.900000
3	16	17.200000
6	17	18.900000
17	18	27.600000
17	19	37.600000
18	20	37.600000
6	21	41.500000
2	22	51.200000
6	23	51.300000
9	24	72.200000
13	25	76.400000
24	26	80.900000
1	27	98.800000
3	16	17.200000
6	17	18.900000
14	18	24.600000
6	19	27.600000
17	20	27.600000
3	21	32.900000
14	22	33.300000
18	23	33.300000
6	24	40.900000
3	25	41.600000
21	26	41.600000
19	27	55.100000
17	28	61.200000
23	29	61.300000
20	30	66.600000
6	31	68.900000
23	32	70.000000
16	33	76.000000
24	34	82.300000
11	35	84.400000
1	36	84.600000
23	37	90.600000
11	38	93.100000
18	39	99.100000
37	40	99.300000
3	16	17.200000
6	17	18.900000
17	18	27.600000
17	19	37.600000
18	20	37.600000
6	21	41.500000
2	22	51.200000
6	23	51.300000
9	24	72.200000
13	25	76.400000
24	26	80.900000
1	27	98.800000
3	16	17.200000
6	17	18.900000
17	18	27.600000
17	19	37.600000
18	20	37.600000
6	21	41.500000
2	22	51.200000
6	23	51.300000
9	24	72.200000
13	25	76.400000
24	26	80.900000
1	27	98.800000
3	16	17.200000
6	17	18.900000
17	18	27.600000
17	19	37.600000
18	20	37.600000
6	21	41.500000
2	22	51.200000
6	23	51.300000
9	24	72.200000
13	25	76.400000
24	26	80.900000
1	27	98.800000
3	16	17.200000
6	17	18.900000
17	18	27.600000
17	19	37.600000
18	20	37.600000
6	21	41.500000
2	22	51.200000
6	23	51.300000
9	24	72.200000
13	25	76.400000
24	26	80.900000
1	27	98.800000
3	16	17.200000
6	17	18.900000
17	18	27.600000
6	19	37.000000
17	20	37.600000
18	21	37.600000
11	22	51.100000
5	23	60.600000
13	24	61.300000
17	25	66.700000
16	26	67.600000
5	27	69.300000
23	28	69.300000
19	29	75.600000
26	30	76.300000
23	31	79.300000
27	32	79.300000
24	33	79.400000
5	34	82.000000
29	35	84.300000
26	36	86.300000
6	37	86.900000
16	38	88.700000
27	39	89.300000
32	40	89.300000
34	41	90.700000
25	42	91.200000
37	43	95.600000
27	44	99.300000
32	45	99.300000
39	46	99.300000
40	47	99.300000
25	48	99.900000
42	49	99.900000
3	16	17.200000
6	17	18.900000
17	18	27.600000
6	19	37.000000
17	20	37.600000
18	21	37.600000
11	22	51.100000
5	23	60.600000
13	24	61.300000
17	25	66.700000
16	26	67.600000
5	27	69.300000
23	28	69.300000
19	29	75.600000
26	30	76.300000
23	31	79.300000
27	32	79.300000
24	33	79.400000
5	34	82.000000
29	35	84.300000
26	36	86.300000
6	37	86.900000
16	38	88.700000
27	39	89.300000
32	40	89.300000
34	41	90.700000
25	42	91.200000
37	43	95.600000
27	44	99.300000
32	45	99.300000
39	46	99.300000
40	47	99.300000
25	48	99.900000
42	49	99.900000
3	16	17.200000
6	17	23.900000
16	18	28.700000
6	19	32.600000
11	20	50.000000
12	21	55.700000
15	22	63.400000
10	23	74.400000
12	24	82.500000
8	25	83.800000
22	26	93.800000
17	27	97.800000
12	28	97.900000
3	16	17.200000
6	17	23.900000
16	18	28.700000
6	19	32.600000
11	20	50.000000
12	21	55.700000
15	22	63.400000
10	23	74.400000
12	24	82.500000
8	25	83.800000
22	26	93.800000
17	27	97.800000
12	28	97.900000
3	16	17.200000
6	17	23.900000
16	18	28.700000
6	19	32.600000
11	20	50.000000
12	21	55.700000
15	22	63.400000
10	23	74.400000
12	24	82.500000
8	25	83.800000
22	26	93.800000
17	27	97.800000
12	28	97.900000
1	16	62.300000
4	17	69.000000
16	18	73.200000
2	19	90.000000
17	20	93.200000
3	16	17.200000
6	17	23.900000
16	18	28.700000
6	19	32.600000
10	20	64.800000
14	21	67.200000
9	22	68.100000
11	23	68.300000
10	24	73.500000
20	25	73.500000
19	26	73.600000
6	27	76.500000
10	28	83.500000
20	29	83.500000
24	30	83.500000
6	31	85.200000
27	32	85.200000
21	33	86.700000
3	34	87.300000
24	35	93.500000
6	36	95.200000
27	37	95.200000
21	38	95.400000
17	39	95.900000
3	16	17.200000
6	17	23.900000
16	18	28.700000
6	19	32.600000
10	20	64.800000
14	21	67.200000
9	22	68.100000
11	23	68.300000
10	24	73.500000
20	25	73.500000
19	26	73.600000
6	27	76.500000
10	28	83.500000
20	29	83.500000
24	30	83.500000
6	31	85.200000
27	32	85.200000
21	33	86.700000
3	34	87.300000
24	35	93.500000
6	36	95.200000
27	37	95.200000
21	38	95.400000
17	39	95.900000
3	16	17.200000
6	17	23.900000
16	18	28.700000
6	19	32.600000
10	20	64.800000
14	21	67.200000
9	22	68.100000
11	23	68.300000
10	24	73.500000
20	25	73.500000
19	26	73.600000
6	27	76.500000
10	28	83.500000
20	29	83.500000
24	30	83.500000
6	31	85.200000
27	32	85.200000
21	33	86.700000
3	34	87.300000
24	35	93.500000
6	36	95.200000
27	37	95.200000
21	38	95.400000
17	39	95.900000
1	16	62.300000
4	17	69.000000
4	18	93.600000
1	16	62.300000
4	17	69.000000
4	18	93.600000
3	16	12.800000
1	17	14.600000
2	18	23.100000
1	19	23.300000
11	20	26.800000
2	21	31.800000
1	22	33.300000
19	23	33.300000
13	24	41.200000
18	25	44.300000
13	26	50.600000
21	27	50.900000
19	28	51.900000
3	29	57.400000
19	30	60.600000
28	31	60.600000
14	32	63.100000
3	33	66.100000
29	34	66.100000
29	35	79.600000
4	36	84.300000
30	37	87.200000
29	38	88.300000
29	39	98.300000
38	40	98.300000
8	16	13.600000
14	17	20.300000
8	18	22.300000
16	19	22.300000
14	20	33.900000
17	21	46.600000
19	22	56.500000
19	23	65.200000
22	24	65.200000
15	25	66.800000
8	26	67.600000
18	27	74.400000
15	28	75.500000
25	29	75.500000
23	30	77.700000
12	31	78.400000
3	16	17.200000
6	17	23.900000
16	18	28.700000
6	19	32.600000
11	20	50.000000
12	21	55.700000
15	22	63.400000
10	23	74.400000
12	24	82.500000
8	25	83.800000
22	26	93.800000
17	27	97.800000
12	28	97.900000
3	16	17.200000
6	17	23.900000
16	18	28.700000
6	19	32.600000
11	20	50.000000
17	21	55.900000
12	22	62.900000
20	23	66.700000
12	24	71.600000
20	25	75.400000
23	26	75.400000
24	27	81.600000
3	28	89.500000
25	29	99.600000
3	16	17.200000
6	17	23.900000
16	18	28.700000
6	19	32.600000
11	20	50.000000
17	21	55.900000
12	22	62.700000
2	23	64.800000
19	24	70.600000
2	25	73.500000
23	26	73.500000
12	27	75.800000
19	28	79.300000
24	29	79.300000
16	30	80.300000
21	31	82.000000
7	32	82.300000
25	33	85.600000
19	34	89.300000
21	35	90.700000
31	36	90.700000
9	37	99.800000
3	16	17.200000
6	17	23.900000
16	18	28.700000
6	19	32.600000
11	20	50.000000
17	21	55.900000
12	22	62.700000
2	23	64.800000
19	24	70.600000
2	25	73.500000
23	26	73.500000
12	27	75.800000
19	28	79.300000
24	29	79.300000
16	30	80.300000
21	31	82.000000
7	32	82.300000
25	33	85.600000
19	34	89.300000
21	35	90.700000
31	36	90.700000
9	37	99.800000
3	16	17.200000
6	17	23.900000
16	18	28.700000
6	19	32.600000
11	20	50.000000
17	21	55.900000
12	22	62.700000
2	23	64.800000
19	24	70.600000
2	25	73.500000
23	26	73.500000
12	27	75.800000
19	28	79.300000
24	29	79.300000
16	30	80.300000
21	31	82.000000
7	32	82.300000
25	33	85.600000
19	34	89.300000
21	35	90.700000
31	36	90.700000
9	37	99.800000
3	16	17.200000
6	17	23.900000
16	18	28.700000
6	19	32.600000
11	20	50.000000
17	21	55.900000
12	22	62.700000
2	23	64.800000
19	24	70.600000
2	25	73.500000
23	26	73.500000
12	27	75.800000
19	28	79.300000
24	29	79.300000
16	30	80.300000
21	31	82.000000
7	32	82.300000
25	33	85.600000
19	34	89.300000
21	35	90.700000
31	36	90.700000
9	37	99.800000
3	16	17.200000
6	17	23.900000
16	18	28.700000
6	19	32.600000
11	20	50.000000
17	21	55.900000
12	22	62.700000
2	23	64.800000
19	24	70.600000
2	25	73.500000
23	26	73.500000
12	27	75.800000
19	28	79.300000
24	29	79.300000
16	30	80.300000
21	31	82.000000
7	32	82.300000
25	33	85.600000
19	34	89.300000
21	35	90.700000
31	36	90.700000
9	37	99.800000
3	16	17.200000
6	17	23.900000
16	18	28.700000
6	19	32.600000
11	20	50.000000
17	21	55.900000
12	22	62.700000
2	23	64.800000
19	24	70.600000
2	25	73.500000
23	26	73.500000
12	27	75.800000
19	28	79.300000
24	29	79.300000
16	30	80.300000
21	31	82.000000
7	32	82.300000
25	33	85.600000
19	34	89.300000
21	35	90.700000
31	36	90.700000
9	37	99.800000
3	16	17.200000
6	17	23.900000
16	18	28.700000
6	19	32.600000
11	20	50.000000
17	21	55.900000
12	22	62.700000
2	23	64.800000
19	24	70.600000
2	25	73.500000
23	26	73.500000
12	27	75.800000
19	28	79.300000
24	29	79.300000
16	30	80.300000
21	31	82.000000
7	32	82.300000
25	33	85.600000
19	34	89.300000
21	35	90.700000
31	36	90.700000
9	37	99.800000
3	16	17.200000
6	17	23.900000
16	18	28.700000
6	19	32.600000
11	20	50.000000
17	21	55.900000
12	22	62.700000
2	23	64.800000
19	24	70.600000
2	25	73.500000
23	26	73.500000
12	27	75.800000
19	28	79.300000
24	29	79.300000
16	30	80.300000
21	31	82.000000
7	32	82.300000
25	33	85.600000
19	34	89.300000
21	35	90.700000
31	36	90.700000
9	37	99.800000
3	16	17.200000
6	17	23.900000
16	18	28.700000
6	19	32.600000
11	20	50.000000
17	21	55.900000
12	22	62.700000
2	23	64.800000
19	24	70.600000
2	25	73.500000
23	26	73.500000
12	27	75.800000
19	28	79.300000
24	29	79.300000
16	30	80.300000
21	31	82.000000
7	32	82.300000
25	33	85.600000
19	34	89.300000
21	35	90.700000
31	36	90.700000
9	37	99.800000
3	16	12.800000
1	17	14.600000
2	18	23.100000
1	19	23.300000
11	20	26.800000
2	21	31.800000
1	22	33.300000
19	23	33.300000
13	24	41.200000
18	25	44.300000
13	26	50.600000
21	27	50.900000
19	28	51.900000
3	29	57.400000
19	30	60.600000
28	31	60.600000
14	32	63.100000
3	33	66.100000
29	34	66.100000
29	35	79.600000
4	36	84.300000
30	37	87.200000
29	38	88.300000
29	39	98.300000
38	40	98.300000
9	16	15.100000
9	17	24.700000
6	18	28.400000
7	19	62.500000
9	20	64.500000
14	21	68.600000
18	22	70.100000
19	23	73.600000
14	24	78.300000
14	25	87.300000
24	26	87.300000
18	27	89.200000
2	28	91.100000
18	29	97.900000
27	30	97.900000
9	16	15.100000
9	17	24.700000
6	18	28.400000
7	19	62.500000
9	20	64.500000
14	21	68.600000
18	22	70.100000
19	23	73.600000
14	24	78.300000
14	25	87.300000
24	26	87.300000
18	27	89.200000
2	28	91.100000
18	29	97.900000
27	30	97.900000
3	16	17.200000
6	17	23.900000
16	18	28.700000
6	19	32.600000
11	20	50.000000
17	21	55.900000
12	22	62.700000
2	23	64.800000
19	24	70.600000
2	25	73.500000
23	26	73.500000
12	27	75.800000
19	28	79.300000
24	29	79.300000
16	30	80.300000
21	31	82.000000
7	32	82.300000
25	33	85.600000
19	34	89.300000
21	35	90.700000
31	36	90.700000
9	37	99.800000
3	16	17.200000
6	17	23.900000
16	18	28.700000
6	19	32.600000
11	20	50.000000
17	21	55.900000
12	22	62.700000
2	23	64.800000
19	24	70.600000
2	25	73.500000
23	26	73.500000
12	27	75.800000
19	28	79.300000
24	29	79.300000
16	30	80.300000
21	31	82.000000
7	32	82.300000
25	33	85.600000
19	34	89.300000
21	35	90.700000
31	36	90.700000
9	37	99.800000
3	16	17.200000
6	17	23.900000
16	18	28.700000
6	19	32.600000
11	20	50.000000
17	21	55.900000
12	22	62.700000
2	23	64.800000
19	24	70.600000
2	25	73.500000
23	26	73.500000
12	27	75.800000
19	28	79.300000
24	29	79.300000
16	30	80.300000
21	31	82.000000
7	32	82.300000
25	33	85.600000
19	34	89.300000
21	35	90.700000
31	36	90.700000
9	37	99.800000
3	16	17.200000
6	17	23.900000
16	18	28.700000
6	19	32.600000
11	20	50.000000
17	21	55.900000
12	22	62.700000
2	23	64.800000
19	24	70.600000
2	25	73.500000
23	26	73.500000
12	27	75.800000
19	28	79.300000
24	29	79.300000
16	30	80.300000
21	31	82.200000
3	32	85.500000
25	33	85.900000
7	34	86.000000
19	35	89.300000
3	36	94.200000
32	37	94.200000
3	16	17.200000
6	17	23.900000
16	18	28.700000
6	19	32.600000
11	20	50.000000
17	21	55.900000
12	22	62.700000
2	23	64.800000
19	24	70.600000
2	25	73.500000
23	26	73.500000
12	27	75.800000
19	28	79.300000
24	29	79.300000
16	30	80.300000
21	31	82.200000
3	32	85.500000
25	33	85.900000
7	34	86.000000
19	35	89.300000
3	36	94.200000
32	37	94.200000
3	16	17.200000
6	17	23.900000
16	18	28.700000
6	19	32.600000
11	20	50.000000
17	21	55.900000
12	22	62.700000
2	23	64.800000
19	24	70.600000
2	25	73.500000
23	26	73.500000
12	27	75.800000
19	28	79.300000
24	29	79.300000
16	30	80.300000
21	31	82.200000
3	32	85.500000
25	33	85.900000
7	34	86.000000
19	35	89.300000
3	36	94.200000
32	37	94.200000
3	16	17.200000
6	17	23.900000
16	18	28.700000
6	19	32.600000
11	20	50.000000
17	21	55.900000
12	22	62.700000
2	23	64.800000
19	24	70.600000
2	25	73.500000
23	26	73.500000
12	27	75.800000
19	28	79.300000
24	29	79.300000
16	30	80.300000
21	31	82.200000
3	32	85.500000
25	33	85.900000
7	34	86.000000
19	35	89.300000
3	36	94.200000
32	37	94.200000
3	16	17.200000
6	17	23.900000
16	18	28.700000
6	19	32.600000
11	20	50.000000
17	21	55.900000
12	22	64.400000
10	23	65.600000
20	24	67.000000
20	25	75.700000
24	26	75.700000
12	27	76.900000
22	28	77.600000
13	29	80.800000
10	30	83.400000
12	31	85.600000
28	32	86.300000
27	33	89.500000
29	34	89.500000
13	35	90.700000
28	36	96.300000
32	37	96.300000
29	38	99.500000
3	16	17.200000
6	17	18.900000
14	18	24.600000
6	19	27.600000
17	20	27.600000
3	21	32.900000
14	22	33.300000
18	23	33.300000
20	24	40.500000
3	25	41.600000
21	26	41.600000
23	27	50.100000
25	28	61.300000
5	29	66.200000
13	30	67.300000
10	31	67.500000
29	32	74.900000
16	33	75.000000
10	34	77.100000
24	35	80.900000
25	36	81.400000
30	37	85.600000
7	38	88.200000
18	39	88.200000
23	40	88.700000
35	41	89.600000
25	42	90.100000
34	43	90.100000
36	44	90.100000
13	45	90.700000
11	46	94.300000
3	47	95.900000
29	48	96.600000
7	49	96.900000
38	50	96.900000
5	51	97.800000
21	52	99.100000
35	53	99.600000
41	54	99.600000
3	16	17.200000
6	17	18.900000
14	18	24.600000
6	19	27.600000
17	20	27.600000
3	21	32.900000
14	22	33.300000
18	23	33.300000
20	24	40.500000
3	25	41.600000
21	26	41.600000
23	27	50.100000
25	28	61.300000
5	29	66.200000
13	30	67.300000
10	31	67.500000
29	32	74.900000
16	33	75.000000
10	34	77.100000
24	35	80.900000
25	36	81.400000
30	37	85.600000
7	38	88.200000
18	39	88.200000
23	40	88.700000
35	41	89.600000
25	42	90.100000
34	43	90.100000
36	44	90.100000
13	45	90.700000
11	46	94.300000
3	47	95.900000
29	48	96.600000
7	49	96.900000
38	50	96.900000
5	51	97.800000
21	52	99.100000
35	53	99.600000
41	54	99.600000
3	16	17.200000
6	17	18.900000
14	18	24.600000
6	19	27.600000
17	20	27.600000
3	21	32.900000
14	22	33.300000
18	23	33.300000
20	24	40.500000
3	25	41.600000
21	26	41.600000
23	27	50.100000
25	28	61.300000
5	29	66.200000
13	30	67.300000
10	31	67.500000
29	32	74.900000
16	33	75.000000
10	34	77.100000
24	35	80.900000
25	36	81.400000
30	37	85.600000
7	38	88.200000
18	39	88.200000
23	40	88.700000
35	41	89.600000
25	42	90.100000
34	43	90.100000
36	44	90.100000
13	45	90.700000
11	46	94.300000
3	47	95.900000
29	48	96.600000
7	49	96.900000
38	50	96.900000
5	51	97.800000
21	52	99.100000
35	53	99.600000
41	54	99.600000
5	16	15.800000
5	17	47.600000
10	18	57.100000
14	19	59.200000
14	20	67.900000
19	21	67.900000
21	22	86.400000
3	23	91.500000
17	24	98.000000
13	25	98.600000
5	16	15.800000
5	17	47.600000
10	18	57.100000
14	19	59.200000
14	20	67.900000
19	21	67.900000
21	22	86.400000
3	23	91.500000
17	24	98.000000
13	25	98.600000
5	16	15.800000
5	17	47.600000
10	18	57.100000
14	19	59.200000
14	20	67.900000
19	21	67.900000
21	22	86.400000
3	23	91.500000
17	24	98.000000
13	25	98.600000
5	16	15.800000
5	17	47.600000
10	18	57.100000
14	19	59.200000
14	20	67.900000
19	21	67.900000
21	22	86.400000
3	23	91.500000
17	24	98.000000
13	25	98.600000
5	16	15.800000
5	17	47.600000
16	18	56.500000
17	19	61.600000
16	20	65.200000
18	21	65.200000
9	22	66.700000
9	23	75.400000
22	24	75.400000
10	25	81.300000
22	26	85.400000
24	27	85.400000
1	28	95.700000
24	29	95.800000
25	30	99.500000
5	16	15.800000
5	17	47.600000
16	18	56.500000
17	19	61.600000
16	20	65.200000
18	21	65.200000
9	22	66.700000
9	23	75.400000
22	24	75.400000
10	25	81.300000
22	26	85.400000
24	27	85.400000
1	28	95.700000
24	29	95.800000
25	30	99.500000
5	16	15.800000
5	17	47.600000
16	18	56.500000
17	19	61.600000
16	20	65.200000
18	21	65.200000
9	22	66.700000
9	23	75.400000
22	24	75.400000
10	25	81.300000
22	26	85.400000
24	27	85.400000
1	28	95.700000
24	29	95.800000
25	30	99.500000
5	16	15.800000
5	17	47.600000
16	18	56.500000
17	19	61.600000
16	20	65.200000
18	21	65.200000
9	22	66.700000
9	23	75.400000
22	24	75.400000
10	25	81.300000
22	26	85.400000
24	27	85.400000
1	28	95.700000
24	29	95.800000
25	30	99.500000
5	16	15.800000
5	17	47.600000
16	18	56.500000
17	19	61.600000
16	20	65.200000
18	21	65.200000
9	22	66.700000
9	23	75.400000
22	24	75.400000
10	25	81.300000
22	26	85.400000
24	27	85.400000
1	28	95.700000
24	29	95.800000
25	30	99.500000
5	16	15.800000
5	17	47.600000
16	18	56.500000
16	19	65.200000
18	20	65.200000
14	21	65.600000
17	22	68.300000
4	23	82.400000
4	24	91.100000
2	25	91.900000
5	26	92.300000
5	16	15.800000
5	17	47.600000
16	18	56.500000
16	19	65.200000
18	20	65.200000
14	21	65.600000
17	22	68.300000
4	23	82.400000
4	24	91.100000
2	25	91.900000
5	26	92.300000
5	16	15.800000
5	17	47.600000
16	18	56.500000
16	19	65.200000
18	20	65.200000
14	21	65.600000
17	22	68.300000
4	23	82.400000
4	24	91.100000
2	25	91.900000
5	26	92.300000
5	16	15.800000
5	17	47.600000
10	18	57.100000
14	19	59.200000
18	20	72.200000
18	21	80.900000
20	22	80.900000
4	23	81.000000
14	24	81.800000
4	25	89.700000
23	26	89.700000
17	27	91.400000
4	28	99.700000
23	29	99.700000
26	30	99.700000
5	16	15.800000
5	17	47.600000
10	18	57.100000
14	19	59.200000
18	20	72.200000
18	21	80.900000
20	22	80.900000
4	23	81.000000
14	24	81.800000
4	25	89.700000
23	26	89.700000
17	27	91.400000
4	28	99.700000
23	29	99.700000
26	30	99.700000
8	16	12.600000
8	17	21.300000
16	18	21.300000
17	19	33.000000
1	20	41.700000
8	21	56.400000
13	22	58.400000
14	23	62.800000
17	24	64.600000
8	25	65.100000
21	26	65.100000
1	27	66.200000
13	28	67.100000
22	29	67.100000
23	30	71.500000
15	31	73.100000
2	32	74.500000
26	33	75.100000
10	34	80.600000
26	35	85.100000
10	36	102.500000
5	37	103.600000
2	38	104.000000
4	39	105.000000
16	40	114.200000
4	41	115.600000
34	42	116.300000
30	43	119.700000
23	44	122.200000
17	45	122.600000
16	46	122.900000
31	47	127.100000
40	48	127.300000
43	49	128.400000
19	50	133.300000
7	51	134.100000
31	52	135.800000
40	53	136.000000
48	54	136.000000
24	55	137.300000
44	56	141.000000
7	57	142.800000
26	58	142.800000
52	59	145.800000
43	60	145.900000
48	61	146.000000
54	62	146.000000
38	63	149.400000
2	64	151.400000
58	65	151.500000
13	66	151.600000
7	67	152.800000
57	68	152.800000
39	69	153.600000
40	70	156.000000
56	71	157.800000
19	72	158.800000
43	73	161.200000
59	74	162.800000
26	75	163.000000
16	76	166.100000
38	77	166.100000
36	78	166.400000
22	79	166.500000
65	80	166.700000
18	81	167.400000
19	82	167.500000
72	83	167.500000
24	84	171.600000
26	85	171.700000
75	86	171.700000
32	87	174.500000
38	88	174.800000
22	89	175.200000
79	90	175.200000
49	91	175.700000
72	92	177.500000
83	93	177.500000
80	94	178.200000
12	95	178.300000
86	96	181.700000
75	97	183.400000
41	98	184.300000
49	99	184.400000
91	100	184.400000
62	101	184.900000
22	102	185.200000
8	103	186.300000
56	104	186.900000
80	105	186.900000
94	106	186.900000
58	107	187.200000
83	108	187.500000
77	109	188.500000
28	110	188.700000
44	111	189.800000
41	112	193.000000
18	113	193.900000
91	114	194.400000
100	115	194.400000
52	116	194.800000
103	117	195.000000
89	118	195.200000
92	119	195.400000
81	120	196.900000
94	121	197.000000
83	122	197.500000
65	123	197.800000
57	124	198.600000
73	125	200.300000
97	126	201.400000
49	127	202.000000
43	128	202.600000
113	129	202.600000
66	130	202.800000
75	131	202.800000
41	132	203.000000
58	133	203.000000
112	134	203.000000
92	135	204.100000
119	136	204.100000
26	137	205.500000
44	138	205.800000
105	139	206.000000
88	140	206.100000
121	141	206.900000
73	142	209.000000
97	143	210.100000
104	144	210.600000
49	145	210.700000
127	146	210.700000
99	147	210.900000
106	148	211.000000
87	149	211.100000
35	150	211.300000
118	151	211.300000
129	152	212.600000
112	153	214.100000
135	154	214.100000
137	155	214.200000
25	156	214.700000
105	157	214.700000
139	158	214.700000
88	159	214.800000
140	160	214.800000
114	161	214.900000
116	162	215.400000
77	163	215.800000
123	164	215.800000
90	165	217.100000
47	166	217.400000
38	167	217.600000
99	168	219.600000
147	169	219.600000
87	170	219.800000
97	171	220.100000
145	172	220.700000
89	173	221.000000
98	174	221.000000
126	175	221.400000
73	176	222.500000
17	177	223.300000
51	178	223.300000
25	179	223.400000
136	180	223.500000
161	181	223.600000
64	182	223.700000
50	183	223.900000
137	184	224.200000
124	185	224.300000
123	186	224.500000
88	187	224.800000
104	188	225.200000
58	189	225.600000
158	190	226.100000
79	191	227.100000
100	192	227.200000
167	193	228.300000
115	194	228.500000
107	195	229.200000
143	196	229.600000
153	197	229.600000
98	198	229.700000
173	199	229.700000
106	200	230.200000
142	201	230.600000
176	202	231.200000
136	203	232.200000
180	204	232.200000
169	205	233.200000
161	206	233.600000
181	207	233.600000
114	208	234.000000
123	209	234.500000
186	210	234.500000
137	211	234.800000
109	212	234.900000
188	213	235.000000
77	214	235.100000
192	215	235.900000
115	216	237.200000
194	217	237.200000
74	218	237.600000
53	219	238.000000
143	220	238.300000
55	221	239.400000
86	222	240.400000
56	223	240.700000
19	224	241.100000
183	225	241.200000
50	226	241.800000
204	227	242.200000
180	228	242.300000
13	229	243.600000
109	230	243.600000
108	231	243.800000
159	232	243.800000
158	233	244.300000
123	234	244.500000
209	235	244.500000
51	236	245.600000
192	237	245.900000
33	238	246.200000
74	239	246.300000
107	240	246.400000
156	241	246.400000
89	242	247.200000
100	243	247.800000
218	244	247.800000
118	245	247.900000
194	246	248.900000
183	247	249.900000
199	248	250.400000
50	249	250.500000
226	250	250.500000
18	251	251.200000
85	252	251.800000
129	253	251.900000
13	254	252.300000
231	255	252.500000
187	256	252.800000
104	257	253.000000
158	258	253.000000
233	259	253.000000
196	260	253.200000
212	261	253.300000
151	262	253.500000
84	263	253.700000
12	264	254.900000
238	265	254.900000
40	266	255.300000
89	267	255.900000
242	268	255.900000
155	269	256.200000
74	270	256.300000
239	271	256.300000
243	272	256.500000
79	273	256.700000
161	274	257.200000
145	275	257.300000
122	276	257.400000
208	277	257.400000
144	278	257.500000
210	279	257.700000
215	280	258.600000
53	281	258.800000
179	282	259.400000
18	283	259.900000
251	284	259.900000
188	285	260.100000
50	286	260.500000
249	287	260.500000
136	288	260.600000
253	289	260.600000
244	290	260.700000
128	291	260.900000
207	292	260.900000
104	293	261.700000
257	294	261.700000
184	295	261.900000
212	296	262.000000
261	297	262.000000
30	298	262.800000
233	299	263.000000
158	300	263.200000
264	301	263.600000
31	302	263.800000
206	303	264.000000
66	304	264.100000
133	305	264.400000
248	306	264.900000
51	307	265.400000
156	308	265.500000
208	309	266.100000
256	310	266.400000
135	311	266.600000
258	312	267.000000
52	313	267.300000
62	314	268.200000
179	315	268.500000
161	316	268.600000
188	317	268.800000
205	318	268.800000
58	319	269.000000
141	320	269.100000
285	321	269.300000
94	322	269.600000
128	323	269.600000
291	324	269.600000
151	325	269.700000
50	326	270.500000
286	327	270.500000
37	328	270.600000
191	329	270.600000
253	330	270.600000
289	331	270.600000
48	332	271.400000
226	333	271.900000
241	334	272.600000
164	335	272.700000
206	336	272.700000
303	337	272.700000
158	338	273.000000
233	339	273.000000
299	340	273.000000
126	341	273.200000
133	342	273.300000
264	343	273.600000
60	344	273.800000
51	345	274.100000
307	346	274.100000
153	347	274.400000
235	348	274.700000
114	349	275.000000
67	350	275.500000
16	351	275.700000
258	352	275.700000
147	353	275.800000
208	354	276.100000
270	355	276.200000
180	356	276.400000
265	357	276.400000
62	358	276.900000
296	359	277.300000
108	360	277.500000
127	361	277.700000
23	362	277.800000
141	363	277.800000
281	364	277.900000
163	365	278.100000
94	366	278.300000
322	367	278.300000
151	368	278.400000
230	369	278.400000
325	370	278.400000
218	371	278.700000
188	372	278.800000
285	373	278.800000
317	374	278.800000
176	375	278.900000
68	376	279.400000
98	377	279.500000
128	378	279.600000
323	379	279.600000
29	380	280.100000
73	381	280.100000
145	382	280.100000
284	383	280.400000
321	384	280.700000
93	385	280.900000
282	386	280.900000
9	387	281.100000
161	388	281.400000
164	389	281.400000
335	390	281.400000
177	391	282.200000
60	392	282.500000
268	393	282.600000
193	394	282.700000
203	395	283.000000
299	396	283.000000
339	397	283.000000
340	398	283.000000
153	399	283.100000
347	400	283.100000
201	401	283.200000
86	402	284.100000
248	403	284.800000
272	404	284.900000
83	405	285.000000
287	406	285.000000
357	407	285.100000
181	408	285.300000
277	409	285.300000
133	410	285.400000
221	411	285.700000
258	412	285.700000
300	413	285.800000
359	414	286.000000
208	415	286.100000
354	416	286.100000
108	417	286.200000
360	418	286.200000
115	419	286.300000
23	420	286.500000
342	421	286.500000
252	422	286.600000
260	423	286.700000
174	424	286.800000
18	425	286.900000
62	426	286.900000
364	427	287.000000
116	428	287.200000
212	429	287.200000
120	430	287.300000
218	431	287.400000
273	432	287.400000
371	433	287.400000
141	434	287.800000
306	435	287.800000
198	436	287.900000
244	437	288.000000
236	438	288.200000
94	439	288.300000
367	440	288.300000
151	441	288.400000
112	442	288.500000
327	443	288.600000
334	444	288.600000
29	445	288.800000
73	446	288.800000
100	447	288.800000
285	448	288.800000
373	449	288.800000
381	450	288.800000
43	451	288.900000
269	452	288.900000
284	453	289.100000
93	454	289.600000
253	455	289.600000
106	456	289.700000
163	457	289.900000
188	458	290.200000
58	459	290.300000
235	460	290.300000
75	461	290.400000
195	462	290.400000
136	463	290.500000
105	464	291.200000
335	465	291.400000
389	466	291.400000
390	467	291.400000
52	468	292.400000
60	469	292.500000
392	470	292.500000
283	471	293.000000
340	472	293.000000
398	473	293.000000
274	474	293.500000
287	475	293.700000
402	476	293.700000
406	477	293.700000
125	478	293.900000
65	479	294.000000
149	480	294.000000
362	481	294.000000
150	482	294.400000
221	483	294.400000
259	484	294.400000
411	485	294.400000
254	486	294.600000
404	487	294.600000
368	488	294.700000
316	489	294.800000
144	490	294.900000
156	491	294.900000
297	492	294.900000
344	493	294.900000
115	494	295.000000
351	495	295.000000
357	496	295.100000
407	497	295.100000
421	498	295.200000
138	499	295.300000
252	500	295.300000
8	16	12.600000
8	17	21.300000
16	18	21.300000
17	19	33.000000
1	20	41.700000
8	21	56.400000
13	22	58.400000
14	23	62.800000
17	24	64.600000
8	25	65.100000
21	26	65.100000
1	27	66.200000
13	28	67.100000
22	29	67.100000
23	30	71.500000
15	31	73.100000
2	32	74.500000
26	33	75.100000
10	34	80.600000
26	35	85.100000
10	36	102.500000
5	37	103.600000
2	38	104.000000
4	39	105.000000
16	40	114.200000
4	41	115.600000
34	42	116.300000
30	43	119.700000
23	44	122.200000
17	45	122.600000
16	46	122.900000
31	47	127.100000
40	48	127.300000
43	49	128.400000
19	50	133.300000
7	51	134.100000
31	52	135.800000
40	53	136.000000
48	54	136.000000
24	55	137.300000
44	56	141.000000
7	57	142.800000
26	58	142.800000
52	59	145.800000
43	60	145.900000
48	61	146.000000
54	62	146.000000
38	63	149.400000
55	64	150.900000
58	65	151.500000
44	66	151.800000
13	67	152.500000
7	68	152.800000
57	69	152.800000
52	70	155.800000
61	71	156.000000
56	72	156.600000
25	73	157.400000
55	74	159.600000
64	75	159.600000
19	76	160.200000
44	77	160.500000
41	78	161.400000
49	79	162.100000
59	80	162.600000
25	81	166.100000
66	82	166.600000
60	83	167.500000
27	84	168.900000
26	85	169.900000
49	86	170.800000
56	87	171.600000
43	88	173.700000
58	89	174.700000
66	90	175.300000
82	91	175.300000
46	92	177.300000
28	93	177.400000
11	94	177.600000
16	95	177.700000
76	96	178.500000
85	97	178.600000
24	98	178.800000
57	99	179.000000
51	100	183.200000
67	101	183.500000
10	102	184.300000
27	103	186.000000
94	104	186.300000
95	105	186.400000
24	106	187.500000
32	107	187.500000
98	108	187.500000
57	109	187.700000
99	110	187.700000
5	111	188.400000
65	112	190.300000
79	113	191.100000
37	114	192.000000
49	115	192.200000
67	116	192.200000
19	117	192.400000
86	118	193.500000
69	119	194.000000
100	120	194.400000
13	121	194.600000
26	122	194.600000
27	123	194.700000
95	124	196.400000
72	125	197.200000
92	126	197.200000
40	127	197.400000
57	128	197.700000
103	129	198.600000
63	130	198.700000
113	131	200.000000
60	132	200.300000
17	133	200.400000
34	134	200.500000
37	135	200.700000
114	136	200.700000
66	137	201.900000
64	138	202.200000
13	139	203.300000
121	140	203.300000
27	141	204.700000
65	142	204.700000
52	143	205.900000
72	144	205.900000
126	145	205.900000
40	146	206.100000
127	147	206.100000
16	148	206.200000
124	149	206.400000
26	150	206.500000
63	151	207.400000
84	152	208.200000
93	153	208.300000
105	154	208.600000
60	155	209.000000
132	156	209.000000
8	157	209.300000
82	158	209.300000
131	159	209.800000
68	160	210.100000
115	161	210.400000
37	162	210.700000
7	163	211.900000
102	164	212.900000
54	165	213.700000
27	166	214.700000
125	167	215.100000
26	168	215.200000
150	169	215.200000
40	170	216.100000
146	171	216.100000
58	172	216.300000
89	173	216.300000
105	174	217.300000
63	175	217.400000
151	176	217.400000
82	177	218.000000
113	178	218.000000
157	179	218.000000
158	180	218.000000
8	181	218.300000
92	182	218.900000
31	183	219.400000
131	184	219.800000
159	185	219.800000
124	186	220.700000
127	187	221.100000
14	188	221.200000
147	189	221.600000
137	190	222.800000
130	191	223.000000
106	192	223.100000
17	193	223.500000
103	194	223.700000
16	195	223.800000
122	196	224.000000
96	197	224.300000
50	198	224.800000
115	199	224.800000
58	200	225.000000
150	201	225.200000
169	202	225.200000
113	203	226.700000
178	204	226.700000
105	205	227.300000
146	206	227.500000
172	207	227.600000
123	208	227.700000
89	209	227.800000
181	210	228.000000
31	211	228.100000
183	212	228.100000
18	213	228.700000
108	214	229.000000
125	215	229.500000
145	216	229.800000
187	217	229.800000
86	218	230.200000
79	219	231.600000
94	220	231.700000
72	221	231.900000
59	222	232.200000
193	223	232.200000
101	224	232.400000
122	225	232.700000
87	226	232.900000
96	227	233.000000
197	228	233.000000
198	229	233.500000
135	230	234.100000
84	231	234.600000
34	232	235.000000
58	233	235.000000
67	234	235.200000
202	235	235.200000
106	236	236.000000
208	237	236.400000
89	238	236.500000
209	239	236.500000
146	240	236.800000
189	241	237.400000
180	242	237.600000
206	243	237.900000
31	244	238.100000
203	245	238.200000
115	246	238.300000
123	247	238.500000
164	248	239.700000
199	249	239.800000
168	250	240.200000
35	251	240.400000
101	252	241.100000
224	253	241.100000
130	254	241.900000
220	255	242.800000
96	256	243.000000
197	257	243.000000
227	258	243.000000
228	259	243.000000
132	260	243.100000
198	261	243.500000
229	262	243.500000
67	263	243.900000
18	264	244.000000
85	265	244.400000
151	266	244.400000
159	267	244.700000
72	268	244.900000
223	269	245.100000
216	270	245.300000
120	271	245.500000
79	272	245.600000
192	273	245.800000
146	274	246.200000
158	275	246.200000
208	276	246.400000
237	277	246.400000
235	278	246.500000
164	279	248.400000
248	280	248.400000
240	281	248.800000
94	282	248.900000
250	283	248.900000
134	284	249.400000
232	285	249.800000
141	286	250.400000
123	287	251.000000
253	288	251.100000
181	289	251.300000
243	290	251.400000
180	291	251.700000
132	292	251.800000
260	293	251.800000
27	294	252.100000
195	295	252.100000
96	296	253.000000
197	297	253.000000
210	298	253.000000
227	299	253.000000
256	300	253.000000
257	301	253.000000
258	302	253.000000
151	303	253.100000
241	304	253.100000
168	305	253.200000
156	306	253.300000
265	307	253.400000
198	308	253.500000
261	309	253.500000
72	310	253.600000
78	311	253.800000
67	312	253.900000
263	313	253.900000
10	314	254.100000
218	315	254.200000
272	316	254.300000
224	317	254.400000
216	318	254.500000
273	319	254.500000
117	320	254.700000
158	321	254.900000
275	322	254.900000
73	323	255.100000
235	324	255.200000
183	325	255.300000
160	326	255.400000
136	327	255.600000
182	328	256.000000
131	329	256.200000
236	330	257.000000
209	331	257.200000
155	332	257.700000
190	333	257.800000
65	334	257.900000
116	335	258.900000
194	336	259.000000
154	337	259.500000
119	338	259.800000
196	339	259.800000
71	340	259.900000
289	341	260.000000
271	342	260.300000
135	343	261.000000
279	344	261.100000
211	345	261.400000
210	346	261.700000
241	347	261.800000
304	348	261.800000
168	349	261.900000
305	350	261.900000
95	351	262.000000
12	352	262.300000
203	353	262.600000
96	354	263.000000
256	355	263.000000
296	356	263.000000
297	357	263.000000
299	358	263.000000
300	359	263.000000
265	360	263.100000
303	361	263.100000
307	362	263.100000
23	363	263.200000
173	364	263.200000
261	365	263.500000
309	366	263.500000
60	367	263.700000
88	368	263.900000
313	369	263.900000
183	370	264.000000
325	371	264.000000
51	372	264.300000
272	373	264.300000
316	374	264.300000
5	375	264.500000
182	376	264.700000
328	377	264.700000
131	378	264.900000
322	379	264.900000
329	380	264.900000
50	381	265.200000
189	382	265.300000
127	383	265.400000
320	384	265.400000
236	385	265.700000
330	386	265.700000
209	387	265.900000
331	388	265.900000
29	389	266.000000
123	390	266.000000
83	391	266.200000
200	392	266.200000
224	393	266.200000
11	394	266.600000
100	395	267.600000
117	396	267.600000
105	397	268.000000
212	398	268.000000
230	399	268.200000
147	400	268.300000
196	401	268.500000
271	402	269.000000
342	403	269.000000
262	404	269.400000
135	405	269.700000
343	406	269.700000
314	407	269.800000
31	408	269.900000
227	409	270.400000
95	410	270.700000
351	411	270.700000
332	412	271.000000
203	413	271.300000
353	414	271.300000
254	415	271.600000
241	416	271.800000
347	417	271.800000
168	418	271.900000
349	419	271.900000
228	420	272.000000
341	421	272.100000
103	422	272.400000
51	423	273.000000
297	424	273.000000
299	425	273.000000
357	426	273.000000
358	427	273.000000
70	428	273.200000
102	429	273.300000
164	430	273.400000
309	431	273.500000
191	432	273.800000
82	433	273.900000
313	434	273.900000
370	435	274.000000
371	436	274.000000
123	437	274.700000
182	438	274.700000
376	439	274.700000
114	440	274.900000
200	441	274.900000
224	442	274.900000
392	443	274.900000
393	444	274.900000
176	445	275.100000
330	446	275.700000
293	447	275.800000
126	448	276.000000
100	449	276.300000
105	450	276.700000
187	451	276.900000
230	452	276.900000
399	453	276.900000
147	454	277.000000
173	455	277.200000
274	456	278.100000
116	457	278.200000
25	458	278.300000
236	459	278.500000
145	460	278.600000
22	461	278.700000
55	462	278.800000
286	463	278.900000
342	464	279.000000
204	465	279.200000
384	466	279.600000
332	467	279.700000
412	468	279.700000
300	469	280.000000
256	470	280.200000
359	471	280.300000
66	472	280.500000
195	473	280.800000
201	474	280.900000
86	475	281.100000
263	476	281.300000
149	477	281.400000
238	478	281.400000
410	479	281.400000
43	480	281.500000
56	481	281.800000
396	482	281.800000
290	483	282.500000
423	484	283.000000
244	485	283.400000
299	486	283.600000
361	487	283.800000
180	488	283.900000
313	489	283.900000
434	490	283.900000
436	491	284.000000
152	492	284.300000
293	493	284.500000
123	494	284.700000
448	495	284.700000
59	496	284.800000
224	497	284.900000
392	498	284.900000
443	499	284.900000
227	500	285.100000
232	501	285.100000
