17.200000 
 23.900000 
 28.700000 
 32.600000 
 50.000000 
 55.700000 
 63.400000 
 74.400000 
 82.500000 
 83.800000 
 93.800000 
 97.800000 
 97.900000 
 17.200000 
 23.900000 
 28.700000 
 32.600000 
 50.000000 
 55.700000 
 63.400000 
 74.400000 
 82.500000 
 83.800000 
 93.800000 
 97.800000 
 97.900000 
 17.200000 
 23.900000 
 28.700000 
 32.600000 
 50.000000 
 55.700000 
 63.400000 
 74.400000 
 82.500000 
 83.800000 
 93.800000 
 97.800000 
 97.900000 
 17.200000 
 23.900000 
 28.700000 
 32.600000 
 50.000000 
 55.700000 
 63.400000 
 74.400000 
 82.500000 
 83.800000 
 93.800000 
 97.800000 
 97.900000 
 62.300000 
 69.000000 
 73.200000 
 90.000000 
 93.200000 
 62.300000 
 69.000000 
 73.200000 
 90.000000 
 93.200000 
 62.300000 
 69.000000 
 73.200000 
 90.000000 
 93.200000 
 62.300000 
 69.000000 
 73.200000 
 90.000000 
 93.200000 
 62.300000 
 69.000000 
 73.200000 
 90.000000 
 93.200000 
 62.300000 
 69.000000 
 73.200000 
 90.000000 
 93.200000 
 62.300000 
 69.000000 
 17.200000 
 23.900000 
 28.700000 
 32.600000 
 50.000000 
 55.700000 
 63.400000 
 74.400000 
 82.500000 
 83.800000 
 93.800000 
 97.800000 
 97.900000 
 17.200000 
 23.900000 
 28.700000 
 32.600000 
 50.000000 
 55.700000 
 63.400000 
 74.400000 
 82.500000 
 83.800000 
 93.800000 
 97.800000 
 97.900000 
 17.200000 
 18.900000 
 27.600000 
 37.600000 
 37.600000 
 41.500000 
 51.200000 
 51.300000 
 72.200000 
 76.400000 
 80.900000 
 98.800000 
 17.200000 
 18.900000 
 24.600000 
 27.600000 
 27.600000 
 32.900000 
 33.300000 
 33.300000 
 40.900000 
 41.600000 
 41.600000 
 55.100000 
 61.200000 
 61.300000 
 66.600000 
 68.900000 
 70.000000 
 76.000000 
 82.300000 
 84.400000 
 84.600000 
 90.600000 
 93.100000 
 99.100000 
 99.300000 
 17.200000 
 18.900000 
 27.600000 
 37.600000 
 37.600000 
 41.500000 
 51.200000 
 51.300000 
 72.200000 
 76.400000 
 80.900000 
 98.800000 
 17.200000 
 18.900000 
 27.600000 
 37.600000 
 37.600000 
 41.500000 
 51.200000 
 51.300000 
 72.200000 
 76.400000 
 80.900000 
 98.800000 
 17.200000 
 18.900000 
 27.600000 
 37.600000 
 37.600000 
 41.500000 
 51.200000 
 51.300000 
 72.200000 
 76.400000 
 80.900000 
 98.800000 
 17.200000 
 18.900000 
 27.600000 
 37.600000 
 37.600000 
 41.500000 
 51.200000 
 51.300000 
 72.200000 
 76.400000 
 80.900000 
 98.800000 
 17.200000 
 18.900000 
 27.600000 
 37.000000 
 37.600000 
 37.600000 
 51.100000 
 60.600000 
 61.300000 
 66.700000 
 67.600000 
 69.300000 
 69.300000 
 75.600000 
 76.300000 
 79.300000 
 79.300000 
 79.400000 
 82.000000 
 84.300000 
 86.300000 
 86.900000 
 88.700000 
 89.300000 
 89.300000 
 90.700000 
 91.200000 
 95.600000 
 99.300000 
 99.300000 
 99.300000 
 99.300000 
 99.900000 
 99.900000 
 17.200000 
 18.900000 
 27.600000 
 37.000000 
 37.600000 
 37.600000 
 51.100000 
 60.600000 
 61.300000 
 66.700000 
 67.600000 
 69.300000 
 69.300000 
 75.600000 
 76.300000 
 79.300000 
 79.300000 
 79.400000 
 82.000000 
 84.300000 
 86.300000 
 86.900000 
 88.700000 
 89.300000 
 89.300000 
 90.700000 
 91.200000 
 95.600000 
 99.300000 
 99.300000 
 99.300000 
 99.300000 
 99.900000 
 99.900000 
 17.200000 
 23.900000 
 28.700000 
 32.600000 
 50.000000 
 55.700000 
 63.400000 
 74.400000 
 82.500000 
 83.800000 
 93.800000 
 97.800000 
 97.900000 
 17.200000 
 23.900000 
 28.700000 
 32.600000 
 50.000000 
 55.700000 
 63.400000 
 74.400000 
 82.500000 
 83.800000 
 93.800000 
 97.800000 
 97.900000 
 17.200000 
 23.900000 
 28.700000 
 32.600000 
 50.000000 
 55.700000 
 63.400000 
 74.400000 
 82.500000 
 83.800000 
 93.800000 
 97.800000 
 97.900000 
 62.300000 
 69.000000 
 73.200000 
 90.000000 
 93.200000 
 17.200000 
 23.900000 
 28.700000 
 32.600000 
 64.800000 
 67.200000 
 68.100000 
 68.300000 
 73.500000 
 73.500000 
 73.600000 
 76.500000 
 83.500000 
 83.500000 
 83.500000 
 85.200000 
 85.200000 
 86.700000 
 87.300000 
 93.500000 
 95.200000 
 95.200000 
 95.400000 
 95.900000 
 17.200000 
 23.900000 
 28.700000 
 32.600000 
 64.800000 
 67.200000 
 68.100000 
 68.300000 
 73.500000 
 73.500000 
 73.600000 
 76.500000 
 83.500000 
 83.500000 
 83.500000 
 85.200000 
 85.200000 
 86.700000 
 87.300000 
 93.500000 
 95.200000 
 95.200000 
 95.400000 
 95.900000 
 17.200000 
 23.900000 
 28.700000 
 32.600000 
 64.800000 
 67.200000 
 68.100000 
 68.300000 
 73.500000 
 73.500000 
 73.600000 
 76.500000 
 83.500000 
 83.500000 
 83.500000 
 85.200000 
 85.200000 
 86.700000 
 87.300000 
 93.500000 
 95.200000 
 95.200000 
 95.400000 
 95.900000 
 62.300000 
 69.000000 
 93.600000 
 62.300000 
 69.000000 
 93.600000 
 12.800000 
 14.600000 
 23.100000 
 23.300000 
 26.800000 
 31.800000 
 33.300000 
 33.300000 
 41.200000 
 44.300000 
 50.600000 
 50.900000 
 51.900000 
 57.400000 
 60.600000 
 60.600000 
 63.100000 
 66.100000 
 66.100000 
 79.600000 
 84.300000 
 87.200000 
 88.300000 
 98.300000 
 98.300000 
 13.600000 
 20.300000 
 22.300000 
 22.300000 
 33.900000 
 46.600000 
 56.500000 
 65.200000 
 65.200000 
 66.800000 
 67.600000 
 74.400000 
 75.500000 
 75.500000 
 77.700000 
 78.400000 
 17.200000 
 23.900000 
 28.700000 
 32.600000 
 50.000000 
 55.700000 
 63.400000 
 74.400000 
 82.500000 
 83.800000 
 93.800000 
 97.800000 
 97.900000 
 17.200000 
 23.900000 
 28.700000 
 32.600000 
 50.000000 
 55.900000 
 62.900000 
 66.700000 
 71.600000 
 75.400000 
 75.400000 
 81.600000 
 89.500000 
 99.600000 
 17.200000 
 23.900000 
 28.700000 
 32.600000 
 50.000000 
 55.900000 
 62.700000 
 64.800000 
 70.600000 
 73.500000 
 73.500000 
 75.800000 
 79.300000 
 79.300000 
 80.300000 
 82.000000 
 82.300000 
 85.600000 
 89.300000 
 90.700000 
 90.700000 
 99.800000 
 17.200000 
 23.900000 
 28.700000 
 32.600000 
 50.000000 
 55.900000 
 62.700000 
 64.800000 
 70.600000 
 73.500000 
 73.500000 
 75.800000 
 79.300000 
 79.300000 
 80.300000 
 82.000000 
 82.300000 
 85.600000 
 89.300000 
 90.700000 
 90.700000 
 99.800000 
 17.200000 
 23.900000 
 28.700000 
 32.600000 
 50.000000 
 55.900000 
 62.700000 
 64.800000 
 70.600000 
 73.500000 
 73.500000 
 75.800000 
 79.300000 
 79.300000 
 80.300000 
 82.000000 
 82.300000 
 85.600000 
 89.300000 
 90.700000 
 90.700000 
 99.800000 
 17.200000 
 23.900000 
 28.700000 
 32.600000 
 50.000000 
 55.900000 
 62.700000 
 64.800000 
 70.600000 
 73.500000 
 73.500000 
 75.800000 
 79.300000 
 79.300000 
 80.300000 
 82.000000 
 82.300000 
 85.600000 
 89.300000 
 90.700000 
 90.700000 
 99.800000 
 17.200000 
 23.900000 
 28.700000 
 32.600000 
 50.000000 
 55.900000 
 62.700000 
 64.800000 
 70.600000 
 73.500000 
 73.500000 
 75.800000 
 79.300000 
 79.300000 
 80.300000 
 82.000000 
 82.300000 
 85.600000 
 89.300000 
 90.700000 
 90.700000 
 99.800000 
 17.200000 
 23.900000 
 28.700000 
 32.600000 
 50.000000 
 55.900000 
 62.700000 
 64.800000 
 70.600000 
 73.500000 
 73.500000 
 75.800000 
 79.300000 
 79.300000 
 80.300000 
 82.000000 
 82.300000 
 85.600000 
 89.300000 
 90.700000 
 90.700000 
 99.800000 
 17.200000 
 23.900000 
 28.700000 
 32.600000 
 50.000000 
 55.900000 
 62.700000 
 64.800000 
 70.600000 
 73.500000 
 73.500000 
 75.800000 
 79.300000 
 79.300000 
 80.300000 
 82.000000 
 82.300000 
 85.600000 
 89.300000 
 90.700000 
 90.700000 
 99.800000 
 17.200000 
 23.900000 
 28.700000 
 32.600000 
 50.000000 
 55.900000 
 62.700000 
 64.800000 
 70.600000 
 73.500000 
 73.500000 
 75.800000 
 79.300000 
 79.300000 
 80.300000 
 82.000000 
 82.300000 
 85.600000 
 89.300000 
 90.700000 
 90.700000 
 99.800000 
 17.200000 
 23.900000 
 28.700000 
 32.600000 
 50.000000 
 55.900000 
 62.700000 
 64.800000 
 70.600000 
 73.500000 
 73.500000 
 75.800000 
 79.300000 
 79.300000 
 80.300000 
 82.000000 
 82.300000 
 85.600000 
 89.300000 
 90.700000 
 90.700000 
 99.800000 
 12.800000 
 14.600000 
 23.100000 
 23.300000 
 26.800000 
 31.800000 
 33.300000 
 33.300000 
 41.200000 
 44.300000 
 50.600000 
 50.900000 
 51.900000 
 57.400000 
 60.600000 
 60.600000 
 63.100000 
 66.100000 
 66.100000 
 79.600000 
 84.300000 
 87.200000 
 88.300000 
 98.300000 
 98.300000 
 15.100000 
 24.700000 
 28.400000 
 62.500000 
 64.500000 
 68.600000 
 70.100000 
 73.600000 
 78.300000 
 87.300000 
 87.300000 
 89.200000 
 91.100000 
 97.900000 
 97.900000 
 15.100000 
 24.700000 
 28.400000 
 62.500000 
 64.500000 
 68.600000 
 70.100000 
 73.600000 
 78.300000 
 87.300000 
 87.300000 
 89.200000 
 91.100000 
 97.900000 
 97.900000 
 17.200000 
 23.900000 
 28.700000 
 32.600000 
 50.000000 
 55.900000 
 62.700000 
 64.800000 
 70.600000 
 73.500000 
 73.500000 
 75.800000 
 79.300000 
 79.300000 
 80.300000 
 82.000000 
 82.300000 
 85.600000 
 89.300000 
 90.700000 
 90.700000 
 99.800000 
 17.200000 
 23.900000 
 28.700000 
 32.600000 
 50.000000 
 55.900000 
 62.700000 
 64.800000 
 70.600000 
 73.500000 
 73.500000 
 75.800000 
 79.300000 
 79.300000 
 80.300000 
 82.000000 
 82.300000 
 85.600000 
 89.300000 
 90.700000 
 90.700000 
 99.800000 
 17.200000 
 23.900000 
 28.700000 
 32.600000 
 50.000000 
 55.900000 
 62.700000 
 64.800000 
 70.600000 
 73.500000 
 73.500000 
 75.800000 
 79.300000 
 79.300000 
 80.300000 
 82.000000 
 82.300000 
 85.600000 
 89.300000 
 90.700000 
 90.700000 
 99.800000 
 17.200000 
 23.900000 
 28.700000 
 32.600000 
 50.000000 
 55.900000 
 62.700000 
 64.800000 
 70.600000 
 73.500000 
 73.500000 
 75.800000 
 79.300000 
 79.300000 
 80.300000 
 82.200000 
 85.500000 
 85.900000 
 86.000000 
 89.300000 
 94.200000 
 94.200000 
 17.200000 
 23.900000 
 28.700000 
 32.600000 
 50.000000 
 55.900000 
 62.700000 
 64.800000 
 70.600000 
 73.500000 
 73.500000 
 75.800000 
 79.300000 
 79.300000 
 80.300000 
 82.200000 
 85.500000 
 85.900000 
 86.000000 
 89.300000 
 94.200000 
 94.200000 
 17.200000 
 23.900000 
 28.700000 
 32.600000 
 50.000000 
 55.900000 
 62.700000 
 64.800000 
 70.600000 
 73.500000 
 73.500000 
 75.800000 
 79.300000 
 79.300000 
 80.300000 
 82.200000 
 85.500000 
 85.900000 
 86.000000 
 89.300000 
 94.200000 
 94.200000 
 17.200000 
 23.900000 
 28.700000 
 32.600000 
 50.000000 
 55.900000 
 62.700000 
 64.800000 
 70.600000 
 73.500000 
 73.500000 
 75.800000 
 79.300000 
 79.300000 
 80.300000 
 82.200000 
 85.500000 
 85.900000 
 86.000000 
 89.300000 
 94.200000 
 94.200000 
 17.200000 
 23.900000 
 28.700000 
 32.600000 
 50.000000 
 55.900000 
 64.400000 
 65.600000 
 67.000000 
 75.700000 
 75.700000 
 76.900000 
 77.600000 
 80.800000 
 83.400000 
 85.600000 
 86.300000 
 89.500000 
 89.500000 
 90.700000 
 96.300000 
 96.300000 
 99.500000 
 17.200000 
 18.900000 
 24.600000 
 27.600000 
 27.600000 
 32.900000 
 33.300000 
 33.300000 
 40.500000 
 41.600000 
 41.600000 
 50.100000 
 61.300000 
 66.200000 
 67.300000 
 67.500000 
 74.900000 
 75.000000 
 77.100000 
 80.900000 
 81.400000 
 85.600000 
 88.200000 
 88.200000 
 88.700000 
 89.600000 
 90.100000 
 90.100000 
 90.100000 
 90.700000 
 94.300000 
 95.900000 
 96.600000 
 96.900000 
 96.900000 
 97.800000 
 99.100000 
 99.600000 
 99.600000 
 17.200000 
 18.900000 
 24.600000 
 27.600000 
 27.600000 
 32.900000 
 33.300000 
 33.300000 
 40.500000 
 41.600000 
 41.600000 
 50.100000 
 61.300000 
 66.200000 
 67.300000 
 67.500000 
 74.900000 
 75.000000 
 77.100000 
 80.900000 
 81.400000 
 85.600000 
 88.200000 
 88.200000 
 88.700000 
 89.600000 
 90.100000 
 90.100000 
 90.100000 
 90.700000 
 94.300000 
 95.900000 
 96.600000 
 96.900000 
 96.900000 
 97.800000 
 99.100000 
 99.600000 
 99.600000 
 17.200000 
 18.900000 
 24.600000 
 27.600000 
 27.600000 
 32.900000 
 33.300000 
 33.300000 
 40.500000 
 41.600000 
 41.600000 
 50.100000 
 61.300000 
 66.200000 
 67.300000 
 67.500000 
 74.900000 
 75.000000 
 77.100000 
 80.900000 
 81.400000 
 85.600000 
 88.200000 
 88.200000 
 88.700000 
 89.600000 
 90.100000 
 90.100000 
 90.100000 
 90.700000 
 94.300000 
 95.900000 
 96.600000 
 96.900000 
 96.900000 
 97.800000 
 99.100000 
 99.600000 
 99.600000 
 15.800000 
 47.600000 
 57.100000 
 59.200000 
 67.900000 
 67.900000 
 86.400000 
 91.500000 
 98.000000 
 98.600000 
 15.800000 
 47.600000 
 57.100000 
 59.200000 
 67.900000 
 67.900000 
 86.400000 
 91.500000 
 98.000000 
 98.600000 
 15.800000 
 47.600000 
 57.100000 
 59.200000 
 67.900000 
 67.900000 
 86.400000 
 91.500000 
 98.000000 
 98.600000 
 15.800000 
 47.600000 
 57.100000 
 59.200000 
 67.900000 
 67.900000 
 86.400000 
 91.500000 
 98.000000 
 98.600000 
 15.800000 
 47.600000 
 56.500000 
 61.600000 
 65.200000 
 65.200000 
 66.700000 
 75.400000 
 75.400000 
 81.300000 
 85.400000 
 85.400000 
 95.700000 
 95.800000 
 99.500000 
 15.800000 
 47.600000 
 56.500000 
 61.600000 
 65.200000 
 65.200000 
 66.700000 
 75.400000 
 75.400000 
 81.300000 
 85.400000 
 85.400000 
 95.700000 
 95.800000 
 99.500000 
 15.800000 
 47.600000 
 56.500000 
 61.600000 
 65.200000 
 65.200000 
 66.700000 
 75.400000 
 75.400000 
 81.300000 
 85.400000 
 85.400000 
 95.700000 
 95.800000 
 99.500000 
 15.800000 
 47.600000 
 56.500000 
 61.600000 
 65.200000 
 65.200000 
 66.700000 
 75.400000 
 75.400000 
 81.300000 
 85.400000 
 85.400000 
 95.700000 
 95.800000 
 99.500000 
 15.800000 
 47.600000 
 56.500000 
 61.600000 
 65.200000 
 65.200000 
 66.700000 
 75.400000 
 75.400000 
 81.300000 
 85.400000 
 85.400000 
 95.700000 
 95.800000 
 99.500000 
 15.800000 
 47.600000 
 56.500000 
 65.200000 
 65.200000 
 65.600000 
 68.300000 
 82.400000 
 91.100000 
 91.900000 
 92.300000 
 15.800000 
 47.600000 
 56.500000 
 65.200000 
 65.200000 
 65.600000 
 68.300000 
 82.400000 
 91.100000 
 91.900000 
 92.300000 
 15.800000 
 47.600000 
 56.500000 
 65.200000 
 65.200000 
 65.600000 
 68.300000 
 82.400000 
 91.100000 
 91.900000 
 92.300000 
 15.800000 
 47.600000 
 57.100000 
 59.200000 
 72.200000 
 80.900000 
 80.900000 
 81.000000 
 81.800000 
 89.700000 
 89.700000 
 91.400000 
 99.700000 
 99.700000 
 99.700000 
 15.800000 
 47.600000 
 57.100000 
 59.200000 
 72.200000 
 80.900000 
 80.900000 
 81.000000 
 81.800000 
 89.700000 
 89.700000 
 91.400000 
 99.700000 
 99.700000 
 99.700000 
 12.600000 
 21.300000 
 21.300000 
 33.000000 
 41.700000 
 56.400000 
 58.400000 
 62.800000 
 64.600000 
 65.100000 
 65.100000 
 66.200000 
 67.100000 
 67.100000 
 71.500000 
 73.100000 
 74.500000 
 75.100000 
 80.600000 
 85.100000 
 102.500000 
 103.600000 
 104.000000 
 105.000000 
 114.200000 
 115.600000 
 116.300000 
 119.700000 
 122.200000 
 122.600000 
 122.900000 
 127.100000 
 127.300000 
 128.400000 
 133.300000 
 134.100000 
 135.800000 
 136.000000 
 136.000000 
 137.300000 
 141.000000 
 142.800000 
 142.800000 
 145.800000 
 145.900000 
 146.000000 
 146.000000 
 149.400000 
 151.400000 
 151.500000 
 151.600000 
 152.800000 
 152.800000 
 153.600000 
 156.000000 
 157.800000 
 158.800000 
 161.200000 
 162.800000 
 163.000000 
 166.100000 
 166.100000 
 166.400000 
 166.500000 
 166.700000 
 167.400000 
 167.500000 
 167.500000 
 171.600000 
 171.700000 
 171.700000 
 174.500000 
 174.800000 
 175.200000 
 175.200000 
 175.700000 
 177.500000 
 177.500000 
 178.200000 
 178.300000 
 181.700000 
 183.400000 
 184.300000 
 184.400000 
 184.400000 
 184.900000 
 185.200000 
 186.300000 
 186.900000 
 186.900000 
 186.900000 
 187.200000 
 187.500000 
 188.500000 
 188.700000 
 189.800000 
 193.000000 
 193.900000 
 194.400000 
 194.400000 
 194.800000 
 195.000000 
 195.200000 
 195.400000 
 196.900000 
 197.000000 
 197.500000 
 197.800000 
 198.600000 
 200.300000 
 201.400000 
 202.000000 
 202.600000 
 202.600000 
 202.800000 
 202.800000 
 203.000000 
 203.000000 
 203.000000 
 204.100000 
 204.100000 
 205.500000 
 205.800000 
 206.000000 
 206.100000 
 206.900000 
 209.000000 
 210.100000 
 210.600000 
 210.700000 
 210.700000 
 210.900000 
 211.000000 
 211.100000 
 211.300000 
 211.300000 
 212.600000 
 214.100000 
 214.100000 
 214.200000 
 214.700000 
 214.700000 
 214.700000 
 214.800000 
 214.800000 
 214.900000 
 215.400000 
 215.800000 
 215.800000 
 217.100000 
 217.400000 
 217.600000 
 219.600000 
 219.600000 
 219.800000 
 220.100000 
 220.700000 
 221.000000 
 221.000000 
 221.400000 
 222.500000 
 223.300000 
 223.300000 
 223.400000 
 223.500000 
 223.600000 
 223.700000 
 223.900000 
 224.200000 
 224.300000 
 224.500000 
 224.800000 
 225.200000 
 225.600000 
 226.100000 
 227.100000 
 227.200000 
 228.300000 
 228.500000 
 229.200000 
 229.600000 
 229.600000 
 229.700000 
 229.700000 
 230.200000 
 230.600000 
 231.200000 
 232.200000 
 232.200000 
 233.200000 
 233.600000 
 233.600000 
 234.000000 
 234.500000 
 234.500000 
 234.800000 
 234.900000 
 235.000000 
 235.100000 
 235.900000 
 237.200000 
 237.200000 
 237.600000 
 238.000000 
 238.300000 
 239.400000 
 240.400000 
 240.700000 
 241.100000 
 241.200000 
 241.800000 
 242.200000 
 242.300000 
 243.600000 
 243.600000 
 243.800000 
 243.800000 
 244.300000 
 244.500000 
 244.500000 
 245.600000 
 245.900000 
 246.200000 
 246.300000 
 246.400000 
 246.400000 
 247.200000 
 247.800000 
 247.800000 
 247.900000 
 248.900000 
 249.900000 
 250.400000 
 250.500000 
 250.500000 
 251.200000 
 251.800000 
 251.900000 
 252.300000 
 252.500000 
 252.800000 
 253.000000 
 253.000000 
 253.000000 
 253.200000 
 253.300000 
 253.500000 
 253.700000 
 254.900000 
 254.900000 
 255.300000 
 255.900000 
 255.900000 
 256.200000 
 256.300000 
 256.300000 
 256.500000 
 256.700000 
 257.200000 
 257.300000 
 257.400000 
 257.400000 
 257.500000 
 257.700000 
 258.600000 
 258.800000 
 259.400000 
 259.900000 
 259.900000 
 260.100000 
 260.500000 
 260.500000 
 260.600000 
 260.600000 
 260.700000 
 260.900000 
 260.900000 
 261.700000 
 261.700000 
 261.900000 
 262.000000 
 262.000000 
 262.800000 
 263.000000 
 263.200000 
 263.600000 
 263.800000 
 264.000000 
 264.100000 
 264.400000 
 264.900000 
 265.400000 
 265.500000 
 266.100000 
 266.400000 
 266.600000 
 267.000000 
 267.300000 
 268.200000 
 268.500000 
 268.600000 
 268.800000 
 268.800000 
 269.000000 
 269.100000 
 269.300000 
 269.600000 
 269.600000 
 269.600000 
 269.700000 
 270.500000 
 270.500000 
 270.600000 
 270.600000 
 270.600000 
 270.600000 
 271.400000 
 271.900000 
 272.600000 
 272.700000 
 272.700000 
 272.700000 
 273.000000 
 273.000000 
 273.000000 
 273.200000 
 273.300000 
 273.600000 
 273.800000 
 274.100000 
 274.100000 
 274.400000 
 274.700000 
 275.000000 
 275.500000 
 275.700000 
 275.700000 
 275.800000 
 276.100000 
 276.200000 
 276.400000 
 276.400000 
 276.900000 
 277.300000 
 277.500000 
 277.700000 
 277.800000 
 277.800000 
 277.900000 
 278.100000 
 278.300000 
 278.300000 
 278.400000 
 278.400000 
 278.400000 
 278.700000 
 278.800000 
 278.800000 
 278.800000 
 278.900000 
 279.400000 
 279.500000 
 279.600000 
 279.600000 
 280.100000 
 280.100000 
 280.100000 
 280.400000 
 280.700000 
 280.900000 
 280.900000 
 281.100000 
 281.400000 
 281.400000 
 281.400000 
 282.200000 
 282.500000 
 282.600000 
 282.700000 
 283.000000 
 283.000000 
 283.000000 
 283.000000 
 283.100000 
 283.100000 
 283.200000 
 284.100000 
 284.800000 
 284.900000 
 285.000000 
 285.000000 
 285.100000 
 285.300000 
 285.300000 
 285.400000 
 285.700000 
 285.700000 
 285.800000 
 286.000000 
 286.100000 
 286.100000 
 286.200000 
 286.200000 
 286.300000 
 286.500000 
 286.500000 
 286.600000 
 286.700000 
 286.800000 
 286.900000 
 286.900000 
 287.000000 
 287.200000 
 287.200000 
 287.300000 
 287.400000 
 287.400000 
 287.400000 
 287.800000 
 287.800000 
 287.900000 
 288.000000 
 288.200000 
 288.300000 
 288.300000 
 288.400000 
 288.500000 
 288.600000 
 288.600000 
 288.800000 
 288.800000 
 288.800000 
 288.800000 
 288.800000 
 288.800000 
 288.900000 
 288.900000 
 289.100000 
 289.600000 
 289.600000 
 289.700000 
 289.900000 
 290.200000 
 290.300000 
 290.300000 
 290.400000 
 290.400000 
 290.500000 
 291.200000 
 291.400000 
 291.400000 
 291.400000 
 292.400000 
 292.500000 
 292.500000 
 293.000000 
 293.000000 
 293.000000 
 293.500000 
 293.700000 
 293.700000 
 293.700000 
 293.900000 
 294.000000 
 294.000000 
 294.000000 
 294.400000 
 294.400000 
 294.400000 
 294.400000 
 294.600000 
 294.600000 
 294.700000 
 294.800000 
 294.900000 
 294.900000 
 294.900000 
 294.900000 
 295.000000 
 295.000000 
 295.100000 
 295.100000 
 295.200000 
 295.300000 
 295.300000 
 12.600000 
 21.300000 
 21.300000 
 33.000000 
 41.700000 
 56.400000 
 58.400000 
 62.800000 
 64.600000 
 65.100000 
 65.100000 
 66.200000 
 67.100000 
 67.100000 
 71.500000 
 73.100000 
 74.500000 
 75.100000 
 80.600000 
 85.100000 
 102.500000 
 103.600000 
 104.000000 
 105.000000 
 114.200000 
 115.600000 
 116.300000 
 119.700000 
 122.200000 
 122.600000 
 122.900000 
 127.100000 
 127.300000 
 128.400000 
 133.300000 
 134.100000 
 135.800000 
 136.000000 
 136.000000 
 137.300000 
 141.000000 
 142.800000 
 142.800000 
 145.800000 
 145.900000 
 146.000000 
 146.000000 
 149.400000 
 150.900000 
 151.500000 
 151.800000 
 152.500000 
 152.800000 
 152.800000 
 155.800000 
 156.000000 
 156.600000 
 157.400000 
 159.600000 
 159.600000 
 160.200000 
 160.500000 
 161.400000 
 162.100000 
 162.600000 
 166.100000 
 166.600000 
 167.500000 
 168.900000 
 169.900000 
 170.800000 
 171.600000 
 173.700000 
 174.700000 
 175.300000 
 175.300000 
 177.300000 
 177.400000 
 177.600000 
 177.700000 
 178.500000 
 178.600000 
 178.800000 
 179.000000 
 183.200000 
 183.500000 
 184.300000 
 186.000000 
 186.300000 
 186.400000 
 187.500000 
 187.500000 
 187.500000 
 187.700000 
 187.700000 
 188.400000 
 190.300000 
 191.100000 
 192.000000 
 192.200000 
 192.200000 
 192.400000 
 193.500000 
 194.000000 
 194.400000 
 194.600000 
 194.600000 
 194.700000 
 196.400000 
 197.200000 
 197.200000 
 197.400000 
 197.700000 
 198.600000 
 198.700000 
 200.000000 
 200.300000 
 200.400000 
 200.500000 
 200.700000 
 200.700000 
 201.900000 
 202.200000 
 203.300000 
 203.300000 
 204.700000 
 204.700000 
 205.900000 
 205.900000 
 205.900000 
 206.100000 
 206.100000 
 206.200000 
 206.400000 
 206.500000 
 207.400000 
 208.200000 
 208.300000 
 208.600000 
 209.000000 
 209.000000 
 209.300000 
 209.300000 
 209.800000 
 210.100000 
 210.400000 
 210.700000 
 211.900000 
 212.900000 
 213.700000 
 214.700000 
 215.100000 
 215.200000 
 215.200000 
 216.100000 
 216.100000 
 216.300000 
 216.300000 
 217.300000 
 217.400000 
 217.400000 
 218.000000 
 218.000000 
 218.000000 
 218.000000 
 218.300000 
 218.900000 
 219.400000 
 219.800000 
 219.800000 
 220.700000 
 221.100000 
 221.200000 
 221.600000 
 222.800000 
 223.000000 
 223.100000 
 223.500000 
 223.700000 
 223.800000 
 224.000000 
 224.300000 
 224.800000 
 224.800000 
 225.000000 
 225.200000 
 225.200000 
 226.700000 
 226.700000 
 227.300000 
 227.500000 
 227.600000 
 227.700000 
 227.800000 
 228.000000 
 228.100000 
 228.100000 
 228.700000 
 229.000000 
 229.500000 
 229.800000 
 229.800000 
 230.200000 
 231.600000 
 231.700000 
 231.900000 
 232.200000 
 232.200000 
 232.400000 
 232.700000 
 232.900000 
 233.000000 
 233.000000 
 233.500000 
 234.100000 
 234.600000 
 235.000000 
 235.000000 
 235.200000 
 235.200000 
 236.000000 
 236.400000 
 236.500000 
 236.500000 
 236.800000 
 237.400000 
 237.600000 
 237.900000 
 238.100000 
 238.200000 
 238.300000 
 238.500000 
 239.700000 
 239.800000 
 240.200000 
 240.400000 
 241.100000 
 241.100000 
 241.900000 
 242.800000 
 243.000000 
 243.000000 
 243.000000 
 243.000000 
 243.100000 
 243.500000 
 243.500000 
 243.900000 
 244.000000 
 244.400000 
 244.400000 
 244.700000 
 244.900000 
 245.100000 
 245.300000 
 245.500000 
 245.600000 
 245.800000 
 246.200000 
 246.200000 
 246.400000 
 246.400000 
 246.500000 
 248.400000 
 248.400000 
 248.800000 
 248.900000 
 248.900000 
 249.400000 
 249.800000 
 250.400000 
 251.000000 
 251.100000 
 251.300000 
 251.400000 
 251.700000 
 251.800000 
 251.800000 
 252.100000 
 252.100000 
 253.000000 
 253.000000 
 253.000000 
 253.000000 
 253.000000 
 253.000000 
 253.000000 
 253.100000 
 253.100000 
 253.200000 
 253.300000 
 253.400000 
 253.500000 
 253.500000 
 253.600000 
 253.800000 
 253.900000 
 253.900000 
 254.100000 
 254.200000 
 254.300000 
 254.400000 
 254.500000 
 254.500000 
 254.700000 
 254.900000 
 254.900000 
 255.100000 
 255.200000 
 255.300000 
 255.400000 
 255.600000 
 256.000000 
 256.200000 
 257.000000 
 257.200000 
 257.700000 
 257.800000 
 257.900000 
 258.900000 
 259.000000 
 259.500000 
 259.800000 
 259.800000 
 259.900000 
 260.000000 
 260.300000 
 261.000000 
 261.100000 
 261.400000 
 261.700000 
 261.800000 
 261.800000 
 261.900000 
 261.900000 
 262.000000 
 262.300000 
 262.600000 
 263.000000 
 263.000000 
 263.000000 
 263.000000 
 263.000000 
 263.000000 
 263.100000 
 263.100000 
 263.100000 
 263.200000 
 263.200000 
 263.500000 
 263.500000 
 263.700000 
 263.900000 
 263.900000 
 264.000000 
 264.000000 
 264.300000 
 264.300000 
 264.300000 
 264.500000 
 264.700000 
 264.700000 
 264.900000 
 264.900000 
 264.900000 
 265.200000 
 265.300000 
 265.400000 
 265.400000 
 265.700000 
 265.700000 
 265.900000 
 265.900000 
 266.000000 
 266.000000 
 266.200000 
 266.200000 
 266.200000 
 266.600000 
 267.600000 
 267.600000 
 268.000000 
 268.000000 
 268.200000 
 268.300000 
 268.500000 
 269.000000 
 269.000000 
 269.400000 
 269.700000 
 269.700000 
 269.800000 
 269.900000 
 270.400000 
 270.700000 
 270.700000 
 271.000000 
 271.300000 
 271.300000 
 271.600000 
 271.800000 
 271.800000 
 271.900000 
 271.900000 
 272.000000 
 272.100000 
 272.400000 
 273.000000 
 273.000000 
 273.000000 
 273.000000 
 273.000000 
 273.200000 
 273.300000 
 273.400000 
 273.500000 
 273.800000 
 273.900000 
 273.900000 
 274.000000 
 274.000000 
 274.700000 
 274.700000 
 274.700000 
 274.900000 
 274.900000 
 274.900000 
 274.900000 
 274.900000 
 275.100000 
 275.700000 
 275.800000 
 276.000000 
 276.300000 
 276.700000 
 276.900000 
 276.900000 
 276.900000 
 277.000000 
 277.200000 
 278.100000 
 278.200000 
 278.300000 
 278.500000 
 278.600000 
 278.700000 
 278.800000 
 278.900000 
 279.000000 
 279.200000 
 279.600000 
 279.700000 
 279.700000 
 280.000000 
 280.200000 
 280.300000 
 280.500000 
 280.800000 
 280.900000 
 281.100000 
 281.300000 
 281.400000 
 281.400000 
 281.400000 
 281.500000 
 281.800000 
 281.800000 
 282.500000 
 283.000000 
 283.400000 
 283.600000 
 283.800000 
 283.900000 
 283.900000 
 283.900000 
 284.000000 
 284.300000 
 284.500000 
 284.700000 
 284.700000 
 284.800000 
 284.900000 
 284.900000 
 284.900000 
 285.100000 
 285.100000 
 